1.00000000 1.00000000 1.00000000 1.00000000 1.00000000 1.00000000 1.00000000 1.00000000 1.00000000 1.00000000 1.00000000 1.00000000 1.00000000 1.00000000 1.00000000 1.00000000 1.00000000 1.00000000 1.00000000 1.00000000 1.00000000 1.00000000 1.00000000 1.00000000 1.00000000 1.00000000 1.00000000 1.00000000 1.00000000 1.00000000 1.00000000 1.00000000 1.00000000 1.00000000 1.00000000 1.00000000 1.00000000 1.00000000 1.00000000 1.00000000 1.00000000 1.00000000 1.00000000 1.00000000 1.00000000 1.00000000 1.00000000 1.00000000 1.00000000 1.00000000 1.00000000 1.00000000 1.00000000 1.00000000 1.00000000 1.00000000 1.00000000 1.00000000 1.00000000 1.00000000 1.00000000 1.00000000 1.00000000 1.00000000 1.00000000 1.00000000 1.00000000 1.00000000 1.00000000 1.00000000 1.00000000 1.00000000 1.00000000 1.00000000 1.00000000 1.00000000 1.00000000 1.00000000 1.00000000 1.00000000 1.00000000
1.00000000 1.00000000 1.00000000 1.00000000 1.00000000 1.00000000 1.00000000 1.00000000 1.00000000 1.00000000 1.00000000 1.00000000 1.00000000 1.00000000 1.00000000 1.00000000 1.00000000 1.00000000 1.00000000 1.00000000 1.00000000 1.00000000 1.00000000 1.00000000 1.00000000 1.00000000 1.00000000 1.00000000 1.00000000 1.00000000 1.00000000 1.00000000 1.00000000 1.00000000 1.00000000 1.00000000 1.00000000 1.00000000 1.00000000 1.00000000 1.00000000 1.00000000 1.00000000 1.00000000 1.00000000 1.00000000 1.00000000 1.00000000 1.00000000 1.00000000 1.00000000 1.00000000 1.00000000 1.00000000 1.00000000 1.00000000 1.00000000 1.00000000 1.00000000 1.00000000 1.00000000 1.00000000 1.00000000 1.00000000 1.00000000 1.00000000 1.00000000 1.00000000 1.00000000 1.00000000 1.00000000 1.00000000 1.00000000 1.00000000 1.00000000 1.00000000 1.00000000 1.00000000 1.00000000 1.00000000 1.00000000
1.00000000 1.00000000 1.00000000 1.00000000 1.00000000 1.00000000 1.00000000 1.00000000 1.00000000 1.00000000 1.00000000 1.00000000 1.00000000 1.00000000 1.00000000 1.00000000 1.00000000 1.00000000 1.00000000 1.00000000 1.00000000 1.00000000 1.00000000 1.00000000 1.00000000 1.00000000 1.00000000 1.00000000 1.00000000 1.00000000 1.00000000 1.00000000 1.00000000 1.00000000 1.00000000 1.00000000 1.00000000 1.00000000 1.00000000 1.00000000 1.00000000 1.00000000 1.00000000 1.00000000 1.00000000 1.00000000 1.00000000 1.00000000 1.00000000 1.00000000 1.00000000 1.00000000 1.00000000 1.00000000 1.00000000 1.00000000 1.00000000 1.00000000 1.00000000 1.00000000 1.00000000 1.00000000 1.00000000 1.00000000 1.00000000 1.00000000 1.00000000 1.00000000 1.00000000 1.00000000 1.00000000 1.00000000 1.00000000 1.00000000 1.00000000 1.00000000 1.00000000 1.00000000 1.00000000 1.00000000 1.00000000
1.00000000 1.00000000 1.00000000 1.00000000 1.00000000 1.00000000 1.00000000 1.00000000 1.00000000 1.00000000 1.00000000 1.00000000 1.00000000 1.00000000 1.00000000 1.00000000 1.00000000 1.00000000 1.00000000 1.00000000 1.00000000 1.00000000 1.00000000 1.00000000 1.00000000 1.00000000 1.00000000 1.00000000 1.00000000 1.00000000 1.00000000 1.00000000 1.00000000 1.00000000 1.00000000 1.00000000 1.00000000 1.00000000 1.00000000 1.00000000 1.00000000 1.00000000 1.00000000 1.00000000 1.00000000 1.00000000 1.00000000 1.00000000 1.00000000 1.00000000 1.00000000 1.00000000 1.00000000 1.00000000 1.00000000 1.00000000 1.00000000 1.00000000 1.00000000 1.00000000 1.00000000 1.00000000 1.00000000 1.00000000 1.00000000 1.00000000 1.00000000 1.00000000 1.00000000 1.00000000 1.00000000 1.00000000 1.00000000 1.00000000 1.00000000 1.00000000 1.00000000 1.00000000 1.00000000 1.00000000 1.00000000
1.00000000 1.00000000 1.00000000 1.00000000 1.00000000 1.00000000 1.00000000 1.00000000 1.00000000 1.00000000 1.00000000 1.00000000 1.00000000 1.00000000 1.00000000 1.00000000 1.00000000 1.00000000 1.00000000 1.00000000 1.00000000 1.00000000 1.00000000 1.00000000 1.00000000 1.00000000 1.00000000 1.00000000 1.00000000 1.00000000 1.00000000 1.00000000 1.00000000 1.00000000 1.00000000 1.00000000 1.00000000 1.00000000 1.00000000 1.00000000 1.00000000 1.00000000 1.00000000 1.00000000 1.00000000 1.00000000 1.00000000 1.00000000 1.00000000 1.00000000 1.00000000 1.00000000 1.00000000 1.00000000 1.00000000 1.00000000 1.00000000 1.00000000 1.00000000 1.00000000 1.00000000 1.00000000 1.00000000 1.00000000 1.00000000 1.00000000 1.00000000 1.00000000 1.00000000 1.00000000 1.00000000 1.00000000 1.00000000 1.00000000 1.00000000 1.00000000 1.00000000 1.00000000 1.00000000 1.00000000 1.00000000
1.00000000 1.00000000 1.00000000 1.00000000 1.00000000 1.00000000 1.00000000 1.00000000 1.00000000 1.00000000 1.00000000 1.00000000 1.00000000 1.00000000 1.00000000 1.00000000 1.00000000 1.00000000 1.00000000 1.00000000 1.00000000 1.00000000 1.00000000 1.00000000 1.00000000 1.00000000 1.00000000 1.00000000 1.00000000 1.00000000 1.00000000 1.00000000 1.00000000 1.00000000 1.00000000 1.00000000 1.00000000 1.00000000 1.00000000 1.00000000 1.00000000 1.00000000 1.00000000 1.00000000 1.00000000 1.00000000 1.00000000 1.00000000 1.00000000 1.00000000 1.00000000 1.00000000 1.00000000 1.00000000 1.00000000 1.00000000 1.00000000 1.00000000 1.00000000 1.00000000 1.00000000 1.00000000 1.00000000 1.00000000 1.00000000 1.00000000 1.00000000 1.00000000 1.00000000 1.00000000 1.00000000 1.00000000 1.00000000 1.00000000 1.00000000 1.00000000 1.00000000 1.00000000 1.00000000 1.00000000 1.00000000
1.00000000 1.00000000 1.00000000 1.00000000 1.00000000 1.00000000 1.00000000 1.00000000 1.00000000 1.00000000 1.00000000 1.00000000 1.00000000 1.00000000 1.00000000 1.00000000 1.00000000 1.00000000 1.00000000 1.00000000 1.00000000 1.00000000 1.00000000 1.00000000 1.00000000 1.00000000 1.00000000 1.00000000 1.00000000 1.00000000 1.00000000 1.00000000 1.00000000 1.00000000 1.00000000 1.00000000 1.00000000 1.00000000 1.00000000 1.00000000 1.00000000 1.00000000 1.00000000 1.00000000 1.00000000 1.00000000 1.00000000 1.00000000 1.00000000 1.00000000 1.00000000 1.00000000 1.00000000 1.00000000 1.00000000 1.00000000 1.00000000 1.00000000 1.00000000 1.00000000 1.00000000 1.00000000 1.00000000 1.00000000 1.00000000 1.00000000 1.00000000 1.00000000 1.00000000 1.00000000 1.00000000 1.00000000 1.00000000 1.00000000 1.00000000 1.00000000 1.00000000 1.00000000 1.00000000 1.00000000 1.00000000
1.00000000 1.00000000 1.00000000 1.00000000 1.00000000 1.00000000 1.00000000 1.00000000 1.00000000 1.00000000 1.00000000 1.00000000 1.00000000 1.00000000 1.00000000 1.00000000 1.00000000 1.00000000 1.00000000 1.00000000 1.00000000 1.00000000 1.00000000 1.00000000 1.00000000 1.00000000 1.00000000 1.00000000 1.00000000 1.00000000 1.00000000 1.00000000 1.00000000 1.00000000 1.00000000 1.00000000 1.00000000 1.00000000 1.00000000 1.00000000 1.00000000 1.00000000 1.00000000 1.00000000 1.00000000 1.00000000 1.00000000 1.00000000 1.00000000 1.00000000 1.00000000 1.00000000 1.00000000 1.00000000 1.00000000 1.00000000 1.00000000 1.00000000 1.00000000 1.00000000 1.00000000 1.00000000 1.00000000 1.00000000 1.00000000 1.00000000 1.00000000 1.00000000 1.00000000 1.00000000 1.00000000 1.00000000 1.00000000 1.00000000 1.00000000 1.00000000 1.00000000 1.00000000 1.00000000 1.00000000 1.00000000
1.00000000 1.00000000 1.00000000 1.00000000 1.00000000 1.00000000 1.00000000 1.00000000 1.00000000 1.00000000 1.00000000 1.00000000 1.00000000 1.00000000 1.00000000 1.00000000 1.00000000 1.00000000 1.00000000 1.00000000 1.00000000 1.00000000 1.00000000 1.00000000 1.00000000 1.00000000 1.00000000 1.00000000 1.00000000 1.00000000 1.00000000 1.00000000 1.00000000 1.00000000 1.00000000 1.00000000 1.00000000 1.00000000 1.00000000 1.00000000 1.00000000 1.00000000 1.00000000 1.00000000 1.00000000 1.00000000 1.00000000 1.00000000 1.00000000 1.00000000 1.00000000 1.00000000 1.00000000 1.00000000 1.00000000 1.00000000 1.00000000 1.00000000 1.00000000 1.00000000 1.00000000 1.00000000 1.00000000 1.00000000 1.00000000 1.00000000 1.00000000 1.00000000 1.00000000 1.00000000 1.00000000 1.00000000 1.00000000 1.00000000 1.00000000 1.00000000 1.00000000 1.00000000 1.00000000 1.00000000 1.00000000
1.00000000 1.00000000 1.00000000 1.00000000 1.00000000 1.00000000 1.00000000 1.00000000 1.00000000 1.00000000 1.00000000 1.00000000 1.00000000 1.00000000 1.00000000 1.00000000 1.00000000 1.00000000 1.00000000 1.00000000 1.00000000 1.00000000 1.00000000 1.00000000 1.00000000 1.00000000 1.00000000 1.00000000 1.00000000 1.00000000 1.00000000 1.00000000 1.00000000 1.00000000 1.00000000 1.00000000 1.00000000 1.00000000 1.00000000 1.00000000 1.00000000 1.00000000 1.00000000 1.00000000 1.00000000 1.00000000 1.00000000 1.00000000 1.00000000 1.00000000 1.00000000 1.00000000 1.00000000 1.00000000 1.00000000 1.00000000 1.00000000 1.00000000 1.00000000 1.00000000 1.00000000 1.00000000 1.00000000 1.00000000 1.00000000 1.00000000 1.00000000 1.00000000 1.00000000 1.00000000 1.00000000 1.00000000 1.00000000 1.00000000 1.00000000 1.00000000 1.00000000 1.00000000 1.00000000 1.00000000 1.00000000
1.00000000 1.00000000 1.00000000 1.00000000 1.00000000 1.00000000 1.00000000 1.00000000 1.00000000 1.00000000 1.00000000 1.00000000 1.00000000 1.00000000 1.00000000 1.00000000 1.00000000 1.00000000 1.00000000 1.00000000 1.00000000 1.00000000 1.00000000 1.00000000 1.00000000 1.00000000 1.00000000 1.00000000 1.00000000 1.00000000 1.00000000 1.00000000 1.00000000 1.00000000 1.00000000 1.00000000 1.00000000 1.00000000 1.00000000 1.00000000 1.00000000 1.00000000 1.00000000 1.00000000 1.00000000 1.00000000 1.00000000 1.00000000 1.00000000 1.00000000 1.00000000 1.00000000 1.00000000 1.00000000 1.00000000 1.00000000 1.00000000 1.00000000 1.00000000 1.00000000 1.00000000 1.00000000 1.00000000 1.00000000 1.00000000 1.00000000 1.00000000 1.00000000 1.00000000 1.00000000 1.00000000 1.00000000 1.00000000 1.00000000 1.00000000 1.00000000 1.00000000 1.00000000 1.00000000 1.00000000 1.00000000
1.00000000 1.00000000 1.00000000 1.00000000 1.00000000 1.00000000 1.00000000 1.00000000 1.00000000 1.00000000 1.00000000 1.00000000 1.00000000 1.00000000 1.00000000 1.00000000 1.00000000 1.00000000 1.00000000 1.00000000 1.00000000 1.00000000 1.00000000 1.00000000 1.00000000 1.00000000 1.00000000 1.00000000 1.00000000 1.00000000 1.00000000 1.00000000 1.00000000 1.00000000 1.00000000 1.00000000 1.00000000 1.00000000 1.00000000 1.00000000 1.00000000 1.00000000 1.00000000 1.00000000 1.00000000 1.00000000 1.00000000 1.00000000 1.00000000 1.00000000 1.00000000 1.00000000 1.00000000 1.00000000 1.00000000 1.00000000 1.00000000 1.00000000 1.00000000 1.00000000 1.00000000 1.00000000 1.00000000 1.00000000 1.00000000 1.00000000 1.00000000 1.00000000 1.00000000 1.00000000 1.00000000 1.00000000 1.00000000 1.00000000 1.00000000 1.00000000 1.00000000 1.00000000 1.00000000 1.00000000 1.00000000
1.00000000 1.00000000 1.00000000 1.00000000 1.00000000 1.00000000 1.00000000 1.00000000 1.00000000 1.00000000 1.00000000 1.00000000 1.00000000 1.00000000 1.00000000 1.00000000 1.00000000 1.00000000 1.00000000 1.00000000 1.00000000 1.00000000 1.00000000 1.00000000 1.00000000 1.00000000 1.00000000 1.00000000 1.00000000 1.00000000 1.00000000 1.00000000 1.00000000 1.00000000 1.00000000 1.00000000 1.00000000 1.00000000 1.00000000 1.00000000 1.00000000 1.00000000 1.00000000 1.00000000 1.00000000 1.00000000 1.00000000 1.00000000 1.00000000 1.00000000 1.00000000 1.00000000 1.00000000 1.00000000 1.00000000 1.00000000 1.00000000 1.00000000 1.00000000 1.00000000 1.00000000 1.00000000 1.00000000 1.00000000 1.00000000 1.00000000 1.00000000 1.00000000 1.00000000 1.00000000 1.00000000 1.00000000 1.00000000 1.00000000 1.00000000 1.00000000 1.00000000 1.00000000 1.00000000 1.00000000 1.00000000
1.00000000 1.00000000 1.00000000 1.00000000 1.00000000 1.00000000 1.00000000 1.00000000 1.00000000 1.00000000 1.00000000 1.00000000 1.00000000 1.00000000 1.00000000 1.00000000 1.00000000 1.00000000 1.00000000 1.00000000 1.00000000 1.00000000 1.00000000 1.00000000 1.00000000 1.00000000 1.00000000 1.00000000 1.00000000 1.00000000 1.00000000 1.00000000 1.00000000 1.00000000 1.00000000 1.00000000 1.00000000 1.00000000 1.00000000 1.00000000 1.00000000 1.00000000 1.00000000 1.00000000 1.00000000 1.00000000 1.00000000 1.00000000 1.00000000 1.00000000 1.00000000 1.00000000 1.00000000 1.00000000 1.00000000 1.00000000 1.00000000 1.00000000 1.00000000 1.00000000 1.00000000 1.00000000 1.00000000 1.00000000 1.00000000 1.00000000 1.00000000 1.00000000 1.00000000 1.00000000 1.00000000 1.00000000 1.00000000 1.00000000 1.00000000 1.00000000 1.00000000 1.00000000 1.00000000 1.00000000 1.00000000
1.00000000 1.00000000 1.00000000 1.00000000 1.00000000 1.00000000 1.00000000 1.00000000 1.00000000 1.00000000 1.00000000 1.00000000 1.00000000 1.00000000 1.00000000 1.00000000 1.00000000 1.00000000 1.00000000 1.00000000 1.00000000 1.00000000 1.00000000 1.00000000 1.00000000 1.00000000 1.00000000 1.00000000 1.00000000 1.00000000 1.00000000 1.00000000 1.00000000 1.00000000 1.00000000 1.00000000 1.00000000 1.00000000 1.00000000 1.00000000 1.00000000 1.00000000 1.00000000 1.00000000 1.00000000 1.00000000 1.00000000 1.00000000 1.00000000 1.00000000 1.00000000 1.00000000 1.00000000 1.00000000 1.00000000 1.00000000 1.00000000 1.00000000 1.00000000 1.00000000 1.00000000 1.00000000 1.00000000 1.00000000 1.00000000 1.00000000 1.00000000 1.00000000 1.00000000 1.00000000 1.00000000 1.00000000 1.00000000 1.00000000 1.00000000 1.00000000 1.00000000 1.00000000 1.00000000 1.00000000 1.00000000
1.00000000 1.00000000 1.00000000 1.00000000 1.00000000 1.00000000 1.00000000 1.00000000 1.00000000 1.00000000 1.00000000 1.00000000 1.00000000 1.00000000 1.00000000 1.00000000 1.00000000 1.00000000 1.00000000 1.00000000 1.00000000 1.00000000 1.00000000 1.00000000 1.00000000 1.00000000 1.00000000 1.00000000 1.00000000 1.00000000 1.00000000 1.00000000 1.00000000 1.00000000 1.00000000 1.00000000 1.00000000 1.00000000 1.00000000 1.00000000 1.00000000 1.00000000 1.00000000 1.00000000 1.00000000 1.00000000 1.00000000 1.00000000 1.00000000 1.00000000 1.00000000 1.00000000 1.00000000 1.00000000 1.00000000 1.00000000 1.00000000 1.00000000 1.00000000 1.00000000 1.00000000 1.00000000 1.00000000 1.00000000 1.00000000 1.00000000 1.00000000 1.00000000 1.00000000 1.00000000 1.00000000 1.00000000 1.00000000 1.00000000 1.00000000 1.00000000 1.00000000 1.00000000 1.00000000 1.00000000 1.00000000
1.00000000 1.00000000 1.00000000 1.00000000 1.00000000 1.00000000 1.00000000 1.00000000 1.00000000 1.00000000 1.00000000 1.00000000 1.00000000 1.00000000 1.00000000 1.00000000 1.00000000 1.00000000 1.00000000 1.00000000 1.00000000 1.00000000 1.00000000 1.00000000 1.00000000 1.00000000 1.00000000 1.00000000 1.00000000 1.00000000 1.00000000 1.00000000 1.00000000 1.00000000 1.00000000 1.00000000 1.00000000 1.00000000 1.00000000 1.00000000 1.00000000 1.00000000 1.00000000 1.00000000 1.00000000 1.00000000 1.00000000 1.00000000 1.00000000 1.00000000 1.00000000 1.00000000 1.00000000 1.00000000 1.00000000 1.00000000 1.00000000 1.00000000 1.00000000 1.00000000 1.00000000 1.00000000 1.00000000 1.00000000 1.00000000 1.00000000 1.00000000 1.00000000 1.00000000 1.00000000 1.00000000 1.00000000 1.00000000 1.00000000 1.00000000 1.00000000 1.00000000 1.00000000 1.00000000 1.00000000 1.00000000
1.00000000 1.00000000 1.00000000 1.00000000 1.00000000 1.00000000 1.00000000 1.00000000 1.00000000 1.00000000 1.00000000 1.00000000 1.00000000 1.00000000 1.00000000 1.00000000 1.00000000 1.00000000 1.00000000 1.00000000 1.00000000 1.00000000 1.00000000 1.00000000 1.00000000 1.00000000 1.00000000 1.00000000 1.00000000 1.00000000 1.00000000 1.00000000 1.00000000 1.00000000 1.00000000 1.00000000 1.00000000 1.00000000 1.00000000 1.00000000 1.00000000 1.00000000 1.00000000 1.00000000 1.00000000 1.00000000 1.00000000 1.00000000 1.00000000 1.00000000 1.00000000 1.00000000 1.00000000 1.00000000 1.00000000 1.00000000 1.00000000 1.00000000 1.00000000 1.00000000 1.00000000 1.00000000 1.00000000 1.00000000 1.00000000 1.00000000 1.00000000 1.00000000 1.00000000 1.00000000 1.00000000 1.00000000 1.00000000 1.00000000 1.00000000 1.00000000 1.00000000 1.00000000 1.00000000 1.00000000 1.00000000
1.00000000 1.00000000 1.00000000 1.00000000 1.00000000 1.00000000 1.00000000 1.00000000 1.00000000 1.00000000 1.00000000 1.00000000 1.00000000 1.00000000 1.00000000 1.00000000 1.00000000 1.00000000 1.00000000 1.00000000 1.00000000 1.00000000 1.00000000 1.00000000 1.00000000 1.00000000 1.00000000 1.00000000 1.00000000 1.00000000 1.00000000 1.00000000 1.00000000 1.00000000 1.00000000 1.00000000 1.00000000 1.00000000 1.00000000 1.00000000 1.00000000 1.00000000 1.00000000 1.00000000 1.00000000 1.00000000 1.00000000 1.00000000 1.00000000 1.00000000 1.00000000 1.00000000 1.00000000 1.00000000 1.00000000 1.00000000 1.00000000 1.00000000 1.00000000 1.00000000 1.00000000 1.00000000 1.00000000 1.00000000 1.00000000 1.00000000 1.00000000 1.00000000 1.00000000 1.00000000 1.00000000 1.00000000 1.00000000 1.00000000 1.00000000 1.00000000 1.00000000 1.00000000 1.00000000 1.00000000 1.00000000
1.00000000 1.00000000 1.00000000 1.00000000 1.00000000 1.00000000 1.00000000 1.00000000 1.00000000 1.00000000 1.00000000 1.00000000 1.00000000 1.00000000 1.00000000 1.00000000 1.00000000 1.00000000 1.00000000 1.00000000 1.00000000 1.00000000 1.00000000 1.00000000 1.00000000 1.00000000 1.00000000 1.00000000 1.00000000 1.00000000 1.00000000 1.00000000 1.00000000 1.00000000 1.00000000 1.00000000 1.00000000 1.00000000 1.00000000 1.00000000 1.00000000 1.00000000 1.00000000 1.00000000 1.00000000 1.00000000 1.00000000 1.00000000 1.00000000 1.00000000 1.00000000 1.00000000 1.00000000 1.00000000 1.00000000 1.00000000 1.00000000 1.00000000 1.00000000 1.00000000 1.00000000 1.00000000 1.00000000 1.00000000 1.00000000 1.00000000 1.00000000 1.00000000 1.00000000 1.00000000 1.00000000 1.00000000 1.00000000 1.00000000 1.00000000 1.00000000 1.00000000 1.00000000 1.00000000 1.00000000 1.00000000
1.00000000 1.00000000 1.00000000 1.00000000 1.00000000 1.00000000 1.00000000 1.00000000 1.00000000 1.00000000 1.00000000 1.00000000 1.00000000 1.00000000 1.00000000 1.00000000 1.00000000 1.00000000 1.00000000 1.00000000 1.00000000 1.00000000 1.00000000 1.00000000 1.00000000 1.00000000 1.00000000 1.00000000 1.00000000 1.00000000 1.00000000 1.00000000 1.00000000 1.00000000 1.00000000 1.00000000 1.00000000 1.00000000 1.00000000 1.00000000 1.00000000 1.00000000 1.00000000 1.00000000 1.00000000 1.00000000 1.00000000 1.00000000 1.00000000 1.00000000 1.00000000 1.00000000 1.00000000 1.00000000 1.00000000 1.00000000 1.00000000 1.00000000 1.00000000 1.00000000 1.00000000 1.00000000 1.00000000 1.00000000 1.00000000 1.00000000 1.00000000 1.00000000 1.00000000 1.00000000 1.00000000 1.00000000 1.00000000 1.00000000 1.00000000 1.00000000 1.00000000 1.00000000 1.00000000 1.00000000 1.00000000
1.00000000 1.00000000 1.00000000 1.00000000 1.00000000 1.00000000 1.00000000 1.00000000 1.00000000 1.00000000 1.00000000 1.00000000 1.00000000 1.00000000 1.00000000 1.00000000 1.00000000 1.00000000 1.00000000 1.00000000 1.00000000 1.00000000 1.00000000 1.00000000 1.00000000 1.00000000 1.00000000 1.00000000 1.00000000 1.00000000 1.00000000 1.00000000 1.00000000 1.00000000 1.00000000 1.00000000 1.00000000 1.00000000 1.00000000 1.00000000 1.00000000 1.00000000 1.00000000 1.00000000 1.00000000 1.00000000 1.00000000 1.00000000 1.00000000 1.00000000 1.00000000 1.00000000 1.00000001 1.00000001 1.00000001 1.00000001 1.00000001 1.00000001 1.00000001 1.00000000 1.00000000 1.00000000 1.00000000 1.00000000 1.00000000 1.00000000 1.00000000 1.00000000 1.00000000 1.00000000 1.00000000 1.00000000 1.00000000 1.00000000 1.00000000 1.00000000 1.00000000 1.00000000 1.00000000 1.00000000 1.00000000
1.00000000 1.00000000 1.00000000 1.00000000 1.00000000 1.00000000 1.00000000 1.00000000 1.00000000 1.00000000 1.00000000 1.00000000 1.00000000 1.00000000 1.00000000 1.00000000 1.00000000 1.00000000 1.00000000 1.00000000 1.00000000 1.00000000 1.00000000 1.00000000 1.00000000 1.00000000 1.00000000 1.00000000 1.00000000 1.00000000 1.00000000 1.00000000 1.00000000 1.00000000 1.00000000 1.00000000 1.00000000 1.00000000 1.00000001 1.00000001 1.00000001 1.00000002 1.00000002 1.00000003 1.00000003 1.00000004 1.00000005 1.00000005 1.00000006 1.00000006 1.00000006 1.00000006 1.00000007 1.00000007 1.00000007 1.00000007 1.00000007 1.00000007 1.00000007 1.00000006 1.00000006 1.00000006 1.00000005 1.00000005 1.00000004 1.00000003 1.00000003 1.00000002 1.00000002 1.00000001 1.00000001 1.00000001 1.00000000 1.00000000 1.00000000 1.00000000 1.00000000 1.00000000 1.00000000 1.00000000 1.00000000
1.00000000 1.00000000 1.00000000 1.00000000 1.00000000 1.00000000 1.00000000 1.00000000 1.00000000 1.00000000 1.00000000 1.00000000 1.00000000 1.00000000 1.00000000 1.00000000 1.00000000 1.00000000 1.00000000 1.00000000 1.00000000 1.00000000 1.00000000 1.00000000 1.00000000 1.00000000 1.00000000 1.00000000 1.00000000 1.00000000 1.00000000 1.00000000 1.00000000 1.00000000 1.00000000 1.00000001 1.00000002 1.00000003 1.00000005 1.00000008 1.00000011 1.00000015 1.00000020 1.00000025 1.00000031 1.00000036 1.00000041 1.00000045 1.00000049 1.00000052 1.00000054 1.00000055 1.00000057 1.00000057 1.00000057 1.00000057 1.00000057 1.00000056 1.00000055 1.00000053 1.00000051 1.00000047 1.00000043 1.00000038 1.00000033 1.00000028 1.00000022 1.00000017 1.00000013 1.00000009 1.00000007 1.00000004 1.00000003 1.00000002 1.00000001 1.00000001 1.00000000 1.00000000 1.00000000 1.00000000 1.00000000
1.00000000 1.00000000 1.00000000 1.00000000 1.00000000 1.00000000 1.00000000 1.00000000 1.00000000 1.00000000 1.00000000 1.00000000 1.00000000 1.00000000 1.00000000 1.00000000 1.00000000 1.00000000 1.00000000 1.00000000 1.00000000 1.00000000 1.00000000 1.00000000 1.00000000 1.00000000 1.00000000 1.00000000 1.00000000 1.00000000 1.00000000 1.00000000 1.00000001 1.00000002 1.00000003 1.00000007 1.00000013 1.00000021 1.00000034 1.00000052 1.00000075 1.00000103 1.00000135 1.00000169 1.00000204 1.00000237 1.00000268 1.00000294 1.00000316 1.00000333 1.00000345 1.00000354 1.00000360 1.00000364 1.00000365 1.00000365 1.00000363 1.00000357 1.00000349 1.00000336 1.00000318 1.00000295 1.00000267 1.00000235 1.00000201 1.00000166 1.00000133 1.00000103 1.00000076 1.00000055 1.00000038 1.00000025 1.00000016 1.00000010 1.00000006 1.00000003 1.00000002 1.00000001 1.00000000 1.00000000 1.00000000
1.00000000 1.00000000 1.00000000 1.00000000 1.00000000 1.00000000 1.00000000 1.00000000 1.00000000 1.00000000 1.00000000 1.00000000 1.00000000 1.00000000 1.00000000 1.00000000 1.00000000 1.00000000 1.00000000 1.00000000 1.00000000 1.00000000 1.00000000 1.00000000 1.00000000 1.00000000 1.00000000 1.00000000 1.00000000 1.00000000 1.00000001 1.00000002 1.00000004 1.00000010 1.00000020 1.00000039 1.00000071 1.00000120 1.00000191 1.00000287 1.00000410 1.00000556 1.00000720 1.00000894 1.00001069 1.00001236 1.00001385 1.00001513 1.00001617 1.00001697 1.00001756 1.00001797 1.00001824 1.00001839 1.00001845 1.00001841 1.00001825 1.00001796 1.00001747 1.00001677 1.00001581 1.00001458 1.00001312 1.00001148 1.00000974 1.00000799 1.00000632 1.00000483 1.00000355 1.00000251 1.00000171 1.00000111 1.00000070 1.00000042 1.00000024 1.00000014 1.00000007 1.00000004 1.00000002 1.00000001 1.00000000
1.00000000 1.00000000 1.00000000 1.00000000 1.00000000 1.00000000 1.00000000 1.00000000 1.00000000 1.00000000 1.00000000 1.00000000 1.00000000 1.00000000 1.00000000 1.00000000 1.00000000 1.00000000 1.00000000 1.00000000 1.00000000 1.00000000 1.00000000 1.00000000 1.00000000 1.00000000 1.00000000 1.00000000 1.00000000 1.00000001 1.00000003 1.00000008 1.00000020 1.00000046 1.00000095 1.00000184 1.00000329 1.00000552 1.00000872 1.00001299 1.00001836 1.00002468 1.00003170 1.00003906 1.00004634 1.00005317 1.00005924 1.00006435 1.00006845 1.00007157 1.00007383 1.00007538 1.00007636 1.00007689 1.00007703 1.00007676 1.00007600 1.00007461 1.00007241 1.00006923 1.00006496 1.00005960 1.00005328 1.00004626 1.00003890 1.00003162 1.00002479 1.00001873 1.00001361 1.00000951 1.00000639 1.00000412 1.00000255 1.00000152 1.00000087 1.00000048 1.00000025 1.00000013 1.00000006 1.00000003 1.00000000
1.00000000 1.00000000 1.00000000 1.00000000 1.00000000 1.00000000 1.00000000 1.00000000 1.00000000 1.00000000 1.00000000 1.00000000 1.00000000 1.00000000 1.00000000 1.00000000 1.00000000 1.00000000 1.00000000 1.00000000 1.00000000 1.00000000 1.00000000 1.00000000 1.00000000 1.00000000 1.00000000 1.00000000 1.00000001 1.00000004 1.00000013 1.00000035 1.00000084 1.00000188 1.00000385 1.00000734 1.00001302 1.00002164 1.00003383 1.00004993 1.00006988 1.00009311 1.00011857 1.00014490 1.00017063 1.00019443 1.00021529 1.00023264 1.00024635 1.00025665 1.00026400 1.00026894 1.00027200 1.00027353 1.00027370 1.00027240 1.00026928 1.00026379 1.00025526 1.00024312 1.00022704 1.00020710 1.00018388 1.00015842 1.00013209 1.00010636 1.00008256 1.00006170 1.00004434 1.00003063 1.00002032 1.00001294 1.00000791 1.00000464 1.00000262 1.00000141 1.00000073 1.00000037 1.00000017 1.00000008 1.00000000
1.00000000 1.00000000 1.00000000 1.00000000 1.00000000 1.00000000 1.00000000 1.00000000 1.00000000 1.00000000 1.00000000 1.00000000 1.00000000 1.00000000 1.00000000 1.00000000 1.00000000 1.00000000 1.00000000 1.00000000 1.00000000 1.00000000 1.00000000 1.00000000 1.00000000 1.00000000 1.00000000 1.00000001 1.00000005 1.00000016 1.00000047 1.00000125 1.00000301 1.00000664 1.00001350 1.00002545 1.00004470 1.00007355 1.00011382 1.00016640 1.00023072 1.00030465 1.00038467 1.00046634 1.00054510 1.00061699 1.00067915 1.00073016 1.00076990 1.00079933 1.00082001 1.00083367 1.00084184 1.00084555 1.00084511 1.00084003 1.00082904 1.00081026 1.00078165 1.00074149 1.00068897 1.00062467 1.00055074 1.00047073 1.00038906 1.00031030 1.00023841 1.00017625 1.00012524 1.00008548 1.00005602 1.00003523 1.00002126 1.00001231 1.00000684 1.00000364 1.00000186 1.00000091 1.00000043 1.00000019 1.00000000
1.00000000 1.00000000 1.00000000 1.00000000 1.00000000 1.00000000 1.00000000 1.00000000 1.00000000 1.00000000 1.00000000 1.00000000 1.00000000 1.00000000 1.00000000 1.00000000 1.00000000 1.00000000 1.00000000 1.00000000 1.00000000 1.00000000 1.00000000 1.00000000 1.00000000 1.00000000 1.00000001 1.00000004 1.00000016 1.00000053 1.00000152 1.00000399 1.00000950 1.00002072 1.00004168 1.00007775 1.00013522 1.00022024 1.00033751 1.00048868 1.00067132 1.00087860 1.00110004 1.00132314 1.00153548 1.00172668 1.00188981 1.00202183 1.00212329 1.00219734 1.00224856 1.00228173 1.00230083 1.00230832 1.00230457 1.00228771 1.00225379 1.00219741 1.00211290 1.00199588 1.00184481 1.00166221 1.00145495 1.00123351 1.00101042 1.00079808 1.00060688 1.00044375 1.00031172 1.00021023 1.00013606 1.00008448 1.00005031 1.00002874 1.00001574 1.00000827 1.00000417 1.00000201 1.00000093 1.00000042 1.00000000
1.00000000 1.00000000 1.00000000 1.00000000 1.00000000 1.00000000 1.00000000 1.00000000 1.00000000 1.00000000 1.00000000 1.00000000 1.00000000 1.00000000 1.00000000 1.00000000 1.00000000 1.00000000 1.00000000 1.00000000 1.00000000 1.00000000 1.00000000 1.00000000 1.00000000 1.00000001 1.00000003 1.00000013 1.00000047 1.00000152 1.00000438 1.00001134 1.00002672 1.00005769 1.00011484 1.00021204 1.00036501 1.00058862 1.00089322 1.00128104 1.00174371 1.00226213 1.00280885 1.00335252 1.00386316 1.00431687 1.00469876 1.00500361 1.00523463 1.00540084 1.00551399 1.00558570 1.00562513 1.00563729 1.00562193 1.00557322 1.00548038 1.00532956 1.00510697 1.00480283 1.00441521 1.00395262 1.00343424 1.00288753 1.00234386 1.00183322 1.00137951 1.00099762 1.00069274 1.00046162 1.00029507 1.00018087 1.00010631 1.00005990 1.00003236 1.00001676 1.00000833 1.00000397 1.00000181 1.00000079 1.00000000
1.00000000 1.00000000 1.00000000 1.00000000 1.00000000 1.00000000 1.00000000 1.00000000 1.00000000 1.00000000 1.00000000 1.00000000 1.00000000 1.00000000 1.00000000 1.00000000 1.00000000 1.00000000 1.00000000 1.00000000 1.00000000 1.00000000 1.00000000 1.00000000 1.00000000 1.00000002 1.00000008 1.00000035 1.00000125 1.00000399 1.00001134 1.00002908 1.00006779 1.00014481 1.00028532 1.00052144 1.00088858 1.00141875 1.00213210 1.00302905 1.00408571 1.00525470 1.00647170 1.00766622 1.00877348 1.00974426 1.01055039 1.01118518 1.01165959 1.01199601 1.01222131 1.01236075 1.01243305 1.01244701 1.01239937 1.01227453 1.01204638 1.01168312 1.01115476 1.01044221 1.00954560 1.00848908 1.00732014 1.00610316 1.00490865 1.00380140 1.00283062 1.00202447 1.00138962 1.00091494 1.00057762 1.00034957 1.00020278 1.00011275 1.00006008 1.00003069 1.00001503 1.00000705 1.00000317 1.00000137 1.00000000
1.00000000 1.00000000 1.00000000 1.00000000 1.00000000 1.00000000 1.00000000 1.00000000 1.00000000 1.00000000 1.00000000 1.00000000 1.00000000 1.00000000 1.00000000 1.00000000 1.00000000 1.00000000 1.00000000 1.00000000 1.00000000 1.00000000 1.00000000 1.00000000 1.00000001 1.00000004 1.00000020 1.00000084 1.00000301 1.00000950 1.00002672 1.00006779 1.00015640 1.00033067 1.00064483 1.00116651 1.00196794 1.00311123 1.00463071 1.00651766 1.00871281 1.01111064 1.01357511 1.01596285 1.01814733 1.02003733 1.02158590 1.02278889 1.02367562 1.02429538 1.02470352 1.02494945 1.02506751 1.02507064 1.02494684 1.02465918 1.02415079 1.02335573 1.02221537 1.02069716 1.01881075 1.01661581 1.01421806 1.01175363 1.00936589 1.00718142 1.00529141 1.00374281 1.00253966 1.00165229 1.00103036 1.00061573 1.00035258 1.00019345 1.00010171 1.00005124 1.00002474 1.00001145 1.00000508 1.00000216 1.00000000
1.00000000 1.00000000 1.00000000 1.00000000 1.00000000 1.00000000 1.00000000 1.00000000 1.00000000 1.00000000 1.00000000 1.00000000 1.00000000 1.00000000 1.00000000 1.00000000 1.00000000 1.00000000 1.00000000 1.00000000 1.00000000 1.00000000 1.00000000 1.00000000 1.00000002 1.00000010 1.00000046 1.00000188 1.00000664 1.00002072 1.00005769 1.00014481 1.00033067 1.00069195 1.00133561 1.00239180 1.00399500 1.00625447 1.00922087 1.01285933 1.01703955 1.02154847 1.02612403 1.03050049 1.03445271 1.03782761 1.04055644 1.04264810 1.04416896 1.04521670 1.04589473 1.04629098 1.04646219 1.04642319 1.04614155 1.04553913 1.04450332 1.04290975 1.04065462 1.03769011 1.03405242 1.02987251 1.02536370 1.02078818 1.01641174 1.01245952 1.00908461 1.00635571 1.00426368 1.00274140 1.00168889 1.00099679 1.00056357 1.00030523 1.00015837 1.00007873 1.00003750 1.00001712 1.00000749 1.00000314 1.00000000
1.00000000 1.00000000 1.00000000 1.00000000 1.00000000 1.00000000 1.00000000 1.00000000 1.00000000 1.00000000 1.00000000 1.00000000 1.00000000 1.00000000 1.00000000 1.00000000 1.00000000 1.00000000 1.00000000 1.00000000 1.00000000 1.00000000 1.00000000 1.00000000 1.00000003 1.00000020 1.00000095 1.00000385 1.00001350 1.00004168 1.00011484 1.00028532 1.00064483 1.00133561 1.00255195 1.00452445 1.00748302 1.01160281 1.01694627 1.02342053 1.03076738 1.03859375 1.04643648 1.05384335 1.06044718 1.06601407 1.07045707 1.07381816 1.07622944 1.07786690 1.07890740 1.07949422 1.07971199 1.07957020 1.07899589 1.07783901 1.07589550 1.07295044 1.06883667 1.06349577 1.05702255 1.04967610 1.04184989 1.03400722 1.02660036 1.01999653 1.01442962 1.00998645 1.00662460 1.00421043 1.00256332 1.00149464 1.00083466 1.00044641 1.00022869 1.00011223 1.00005276 1.00002377 1.00001026 1.00000425 1.00000000
1.00000000 1.00000000 1.00000000 1.00000000 1.00000000 1.00000000 1.00000000 1.00000000 1.00000000 1.00000000 1.00000000 1.00000000 1.00000000 1.00000000 1.00000000 1.00000000 1.00000000 1.00000000 1.00000000 1.00000000 1.00000000 1.00000000 1.00000000 1.00000001 1.00000007 1.00000039 1.00000184 1.00000734 1.00002545 1.00007775 1.00021204 1.00052144 1.00116651 1.00239180 1.00452445 1.00794268 1.01300961 1.01998187 1.02891734 1.03961380 1.05160506 1.06422326 1.07671264 1.08836210 1.09861926 1.10715750 1.11388602 1.11891130 1.12246953 1.12485169 1.12633670 1.12713954 1.12737428 1.12703039 1.12596411 1.12391159 1.12053192 1.11548273 1.10851826 1.09958606 1.08889093 1.07690017 1.06428215 1.05179285 1.04014341 1.02988624 1.02134795 1.01461910 1.00959238 1.00602864 1.00362838 1.00209106 1.00115394 1.00060980 1.00030862 1.00014960 1.00006947 1.00003091 1.00001318 1.00000539 1.00000000
1.00000000 1.00000000 1.00000000 1.00000000 1.00000000 1.00000000 1.00000000 1.00000000 1.00000000 1.00000000 1.00000000 1.00000000 1.00000000 1.00000000 1.00000000 1.00000000 1.00000000 1.00000000 1.00000000 1.00000000 1.00000000 1.00000000 1.00000000 1.00000002 1.00000013 1.00000071 1.00000329 1.00001302 1.00004470 1.00013522 1.00036501 1.00088858 1.00196794 1.00399500 1.00748302 1.01300961 1.02110729 1.03212057 1.04606989 1.06257185 1.08085241 1.09985975 1.11844784 1.13557731 1.15047725 1.16272966 1.17226741 1.17930327 1.18422237 1.18746964 1.18945342 1.19047254 1.19066525 1.18997748 1.18815464 1.18476828 1.17929002 1.17121429 1.16021055 1.14626519 1.12976480 1.11148484 1.09247772 1.07388971 1.05676026 1.04186032 1.02960780 1.02006947 1.01303102 1.00810219 1.00482324 1.00274895 1.00150003 1.00078376 1.00039216 1.00018794 1.00008628 1.00003795 1.00001600 1.00000647 1.00000000
1.00000000 1.00000000 1.00000000 1.00000000 1.00000000 1.00000000 1.00000000 1.00000000 1.00000000 1.00000000 1.00000000 1.00000000 1.00000000 1.00000000 1.00000000 1.00000000 1.00000000 1.00000000 1.00000000 1.00000000 1.00000000 1.00000000 1.00000000 1.00000003 1.00000021 1.00000120 1.00000552 1.00002164 1.00007355 1.00022024 1.00058862 1.00141875 1.00311123 1.00625447 1.01160281 1.01998187 1.03212057 1.04844262 1.06888046 1.09278160 1.11895461 1.14585441 1.17185663 1.19554061 1.21590263 1.23245182 1.24518426 1.25446678 1.26087843 1.26505307 1.26754923 1.26875379 1.26881545 1.26760498 1.26471027 1.25948428 1.25116274 1.23904989 1.22273893 1.20230567 1.17840632 1.15223398 1.12533443 1.09933230 1.07564834 1.05528630 1.03873693 1.02600351 1.01671666 1.01028889 1.00606234 1.00341949 1.00184656 1.00095477 1.00047276 1.00022422 1.00010188 1.00004436 1.00001851 1.00000741 1.00000000
1.00000000 1.00000000 1.00000000 1.00000000 1.00000000 1.00000000 1.00000000 1.00000000 1.00000000 1.00000000 1.00000000 1.00000000 1.00000000 1.00000000 1.00000000 1.00000000 1.00000000 1.00000000 1.00000000 1.00000000 1.00000000 1.00000000 1.00000001 1.00000005 1.00000034 1.00000191 1.00000872 1.00003383 1.00011382 1.00033751 1.00089322 1.00213210 1.00463071 1.00922087 1.01694627 1.02891734 1.04606989 1.06888046 1.09712853 1.12979907 1.16517995 1.20114146 1.23551889 1.26648567 1.29281552 1.31397974 1.33008419 1.34169590 1.34962525 1.35471941 1.35769661 1.35902584 1.35884452 1.35691163 1.35261023 1.34502555 1.33312000 1.31599662 1.29319846 1.26495545 1.23228688 1.19690673 1.16094549 1.12656815 1.09560140 1.06927151 1.04810700 1.03200098 1.02038246 1.01242800 1.00725385 1.00405297 1.00216802 1.00111047 1.00054474 1.00025599 1.00011526 1.00004974 1.00002058 1.00000816 1.00000000
1.00000000 1.00000000 1.00000000 1.00000000 1.00000000 1.00000000 1.00000000 1.00000000 1.00000000 1.00000000 1.00000000 1.00000000 1.00000000 1.00000000 1.00000000 1.00000000 1.00000000 1.00000000 1.00000000 1.00000000 1.00000000 1.00000000 1.00000001 1.00000008 1.00000052 1.00000287 1.00001299 1.00004993 1.00016640 1.00048868 1.00128104 1.00302905 1.00651766 1.01285933 1.02342053 1.03961380 1.06257185 1.09278160 1.12979907 1.17216210 1.21755855 1.26321768 1.30641113 1.34491624 1.37731862 1.40309781 1.42251491 1.43637317 1.44573703 1.45167582 1.45506350 1.45643527 1.45589021 1.45303929 1.44702024 1.43661493 1.42049364 1.39756737 1.36737105 1.33035900 1.28799808 1.24260240 1.19694355 1.15375020 1.11524511 1.08284267 1.05706303 1.03764359 1.02377521 1.01437441 1.00831915 1.00460919 1.00244506 1.00124211 1.00060442 1.00028179 1.00012591 1.00005393 1.00002215 1.00000873 1.00000000
1.00000000 1.00000000 1.00000000 1.00000000 1.00000000 1.00000000 1.00000000 1.00000000 1.00000000 1.00000000 1.00000000 1.00000000 1.00000000 1.00000000 1.00000000 1.00000000 1.00000000 1.00000000 1.00000000 1.00000000 1.00000000 1.00000000 1.00000001 1.00000011 1.00000075 1.00000410 1.00001836 1.00006988 1.00023072 1.00067132 1.00174371 1.00408571 1.00871281 1.01703955 1.03076738 1.05160506 1.08085241 1.11895461 1.16517995 1.21755855 1.27313751 1.32849426 1.38035679 1.42614895 1.46432022 1.49440668 1.51686009 1.53273909 1.54336596 1.55002400 1.55372608 1.55505047 1.55403016 1.55009833 1.54212075 1.52856041 1.50779956 1.47858591 1.44049785 1.39427820 1.34190179 1.28632364 1.23096718 1.17910475 1.13331261 1.09514125 1.06505415 1.04259739 1.02670414 1.01602574 1.00920686 1.00506418 1.00266741 1.00134571 1.00065045 1.00030129 1.00013379 1.00005697 1.00002327 1.00000912 1.00000000
1.00000000 1.00000000 1.00000000 1.00000000 1.00000000 1.00000000 1.00000000 1.00000000 1.00000000 1.00000000 1.00000000 1.00000000 1.00000000 1.00000000 1.00000000 1.00000000 1.00000000 1.00000000 1.00000000 1.00000000 1.00000000 1.00000000 1.00000002 1.00000015 1.00000103 1.00000556 1.00002468 1.00009311 1.00030465 1.00087860 1.00226213 1.00525470 1.01111064 1.02154847 1.03859375 1.06422326 1.09985975 1.14585441 1.20114146 1.26321768 1.32849426 1.39293290 1.45277649 1.50516170 1.54846086 1.58230756 1.60736321 1.62494080 1.63660530 1.64383080 1.64774296 1.64893716 1.64735675 1.64223903 1.63216972 1.61530026 1.58975094 1.55414947 1.50816944 1.45288825 1.39081427 1.32553852 1.26110017 1.20125668 1.14887149 1.10557220 1.07172462 1.04666445 1.02906773 1.01733481 1.00989776 1.00541165 1.00283393 1.00142176 1.00068355 1.00031502 1.00013921 1.00005901 1.00002400 1.00000937 1.00000000
1.00000000 1.00000000 1.00000000 1.00000000 1.00000000 1.00000000 1.00000000 1.00000000 1.00000000 1.00000000 1.00000000 1.00000000 1.00000000 1.00000000 1.00000000 1.00000000 1.00000000 1.00000000 1.00000000 1.00000000 1.00000000 1.00000000 1.00000002 1.00000020 1.00000135 1.00000720 1.00003170 1.00011857 1.00038467 1.00110004 1.00280885 1.00647170 1.01357511 1.02612403 1.04643648 1.07671264 1.11844784 1.17185663 1.23551889 1.30641113 1.38035679 1.45277649 1.51951282 1.57749212 1.62506451 1.66198770 1.68913264 1.70804698 1.72050790 1.72814716 1.73217286 1.73317337 1.73098712 1.72465186 1.71248467 1.69235357 1.66215982 1.62046046 1.56706660 1.50341030 1.43252034 1.35857552 1.28615611 1.21941988 1.16144059 1.11386803 1.07694369 1.04979291 1.03085406 1.01830628 1.01040092 1.00565984 1.00295053 1.00147393 1.00070577 1.00032404 1.00014270 1.00006029 1.00002445 1.00000952 1.00000000
1.00000000 1.00000000 1.00000000 1.00000000 1.00000000 1.00000000 1.00000000 1.00000000 1.00000000 1.00000000 1.00000000 1.00000000 1.00000000 1.00000000 1.00000000 1.00000000 1.00000000 1.00000000 1.00000000 1.00000000 1.00000000 1.00000000 1.00000003 1.00000025 1.00000169 1.00000894 1.00003906 1.00014490 1.00046634 1.00132314 1.00335252 1.00766622 1.01596285 1.03050049 1.05384335 1.08836210 1.13557731 1.19554061 1.26648567 1.34491624 1.42614895 1.50516170 1.57749212 1.63993048 1.69084712 1.73013332 1.75885239 1.77875312 1.79178554 1.79970203 1.80376367 1.80453325 1.80173909 1.79423013 1.78008265 1.75692458 1.72248958 1.67531071 1.61536251 1.54442347 1.46599520 1.38476333 1.30575088 1.23342055 1.17098220 1.12006535 1.08077771 1.05205139 1.03212054 1.01898228 1.01074436 1.00582591 1.00302696 1.00150742 1.00071974 1.00032959 1.00014479 1.00006105 1.00002471 1.00000960 1.00000000
