1.00000000 1.00000000 1.00000000 1.00000000 1.00000000 1.00000000 1.00000000 1.00000000 1.00000000 1.00000000 1.00000000 1.00000000 1.00000000 1.00000000 1.00000000 1.00000000 1.00000000 1.00000000 1.00000000 1.00000000 1.00000000 1.00000000 1.00000000 1.00000000 1.00000000 1.00000000 1.00000000 1.00000000 1.00000000 1.00000000 1.00000000 1.00000000 1.00000000 1.00000000 1.00000000 1.00000000 1.00000000 1.00000000 1.00000000 1.00000000 1.00000000 1.00000000 1.00000000 1.00000000 1.00000000 1.00000000 1.00000000 1.00000000 1.00000000 1.00000000 1.00000000 1.00000000 1.00000000 1.00000000 1.00000000 1.00000000 1.00000000 1.00000000 1.00000000 1.00000000 1.00000000 1.00000000 1.00000000 1.00000000 1.00000000 1.00000000 1.00000000 1.00000000 1.00000000 1.00000000 1.00000000 1.00000000 1.00000000 1.00000000 1.00000000 1.00000000 1.00000000 1.00000000 1.00000000 1.00000000 1.00000000
1.00000000 1.00000000 1.00000000 1.00000000 1.00000000 1.00000000 1.00000000 1.00000000 1.00000000 1.00000000 1.00000000 1.00000000 1.00000000 1.00000000 1.00000000 1.00000000 1.00000000 1.00000000 1.00000000 1.00000000 1.00000000 1.00000000 1.00000000 1.00000000 1.00000000 1.00000000 1.00000000 1.00000000 1.00000000 1.00000000 1.00000000 1.00000000 1.00000000 1.00000000 1.00000000 1.00000000 1.00000000 1.00000000 1.00000000 1.00000000 1.00000000 1.00000000 1.00000000 1.00000000 1.00000000 1.00000000 1.00000000 1.00000000 1.00000000 1.00000000 1.00000000 1.00000000 1.00000000 1.00000000 1.00000000 1.00000000 1.00000000 1.00000000 1.00000000 1.00000000 1.00000000 1.00000000 1.00000000 1.00000000 1.00000000 1.00000000 1.00000000 1.00000000 1.00000000 1.00000000 1.00000000 1.00000000 1.00000000 1.00000000 1.00000000 1.00000000 1.00000000 1.00000000 1.00000000 1.00000000 1.00000000
1.00000000 1.00000000 1.00000000 1.00000000 1.00000000 1.00000000 1.00000000 1.00000000 1.00000000 1.00000000 1.00000000 1.00000000 1.00000000 1.00000000 1.00000000 1.00000000 1.00000000 1.00000000 1.00000000 1.00000000 1.00000000 1.00000000 1.00000000 1.00000000 1.00000000 1.00000000 1.00000000 1.00000000 1.00000000 1.00000000 1.00000000 1.00000000 1.00000000 1.00000000 1.00000000 1.00000000 1.00000000 1.00000000 1.00000000 1.00000000 1.00000000 1.00000000 1.00000000 1.00000000 1.00000000 1.00000000 1.00000000 1.00000000 1.00000000 1.00000000 1.00000000 1.00000000 1.00000000 1.00000000 1.00000000 1.00000000 1.00000000 1.00000000 1.00000000 1.00000000 1.00000000 1.00000000 1.00000000 1.00000000 1.00000000 1.00000000 1.00000000 1.00000000 1.00000000 1.00000000 1.00000000 1.00000000 1.00000000 1.00000000 1.00000000 1.00000000 1.00000000 1.00000000 1.00000000 1.00000000 1.00000000
1.00000000 1.00000000 1.00000000 1.00000000 1.00000000 1.00000000 1.00000000 1.00000000 1.00000000 1.00000000 1.00000000 1.00000000 1.00000000 1.00000000 1.00000000 1.00000000 1.00000000 1.00000000 1.00000000 1.00000000 1.00000000 1.00000000 1.00000000 1.00000000 1.00000000 1.00000000 1.00000000 1.00000000 1.00000000 1.00000000 1.00000000 1.00000000 1.00000000 1.00000000 1.00000000 1.00000000 1.00000000 1.00000000 1.00000000 1.00000000 1.00000000 1.00000000 1.00000000 1.00000000 1.00000000 1.00000000 1.00000000 1.00000000 1.00000000 1.00000000 1.00000000 1.00000000 1.00000000 1.00000000 1.00000000 1.00000000 1.00000000 1.00000000 1.00000000 1.00000000 1.00000000 1.00000000 1.00000000 1.00000000 1.00000000 1.00000000 1.00000000 1.00000000 1.00000000 1.00000000 1.00000000 1.00000000 1.00000000 1.00000000 1.00000000 1.00000000 1.00000000 1.00000000 1.00000000 1.00000000 1.00000000
1.00000000 1.00000000 1.00000000 1.00000000 1.00000000 1.00000000 1.00000000 1.00000000 1.00000000 1.00000000 1.00000000 1.00000000 1.00000000 1.00000000 1.00000000 1.00000000 1.00000000 1.00000000 1.00000000 1.00000000 1.00000000 1.00000000 1.00000000 1.00000000 1.00000000 1.00000000 1.00000000 1.00000000 1.00000000 1.00000000 1.00000000 1.00000000 1.00000000 1.00000000 1.00000000 1.00000000 1.00000000 1.00000000 1.00000000 1.00000000 1.00000000 1.00000000 1.00000000 1.00000000 1.00000000 1.00000000 1.00000000 1.00000000 1.00000000 1.00000000 1.00000000 1.00000000 1.00000000 1.00000000 1.00000000 1.00000000 1.00000000 1.00000000 1.00000000 1.00000000 1.00000000 1.00000000 1.00000000 1.00000000 1.00000000 1.00000000 1.00000000 1.00000000 1.00000000 1.00000000 1.00000000 1.00000000 1.00000000 1.00000000 1.00000000 1.00000000 1.00000000 1.00000000 1.00000000 1.00000000 1.00000000
1.00000000 1.00000000 1.00000000 1.00000000 1.00000000 1.00000000 1.00000000 1.00000000 1.00000000 1.00000000 1.00000000 1.00000000 1.00000000 1.00000000 1.00000000 1.00000000 1.00000000 1.00000000 1.00000000 1.00000000 1.00000000 1.00000000 1.00000000 1.00000000 1.00000000 1.00000000 1.00000000 1.00000000 1.00000000 1.00000000 1.00000000 1.00000000 1.00000000 1.00000000 1.00000000 1.00000000 1.00000000 1.00000000 1.00000000 1.00000000 1.00000000 1.00000000 1.00000000 1.00000000 1.00000000 1.00000000 1.00000000 1.00000000 1.00000000 1.00000000 1.00000000 1.00000000 1.00000000 1.00000000 1.00000000 1.00000000 1.00000000 1.00000000 1.00000000 1.00000000 1.00000000 1.00000000 1.00000000 1.00000000 1.00000000 1.00000000 1.00000000 1.00000000 1.00000000 1.00000000 1.00000000 1.00000000 1.00000000 1.00000000 1.00000000 1.00000000 1.00000000 1.00000000 1.00000000 1.00000000 1.00000000
1.00000000 1.00000000 1.00000000 1.00000000 1.00000000 1.00000000 1.00000000 1.00000000 1.00000000 1.00000000 1.00000000 1.00000000 1.00000000 1.00000000 1.00000000 1.00000000 1.00000000 1.00000000 1.00000000 1.00000000 1.00000000 1.00000000 1.00000000 1.00000000 1.00000000 1.00000000 1.00000000 1.00000000 1.00000000 1.00000000 1.00000000 1.00000000 1.00000000 1.00000000 1.00000000 1.00000000 1.00000000 1.00000000 1.00000000 1.00000000 1.00000000 1.00000000 1.00000000 1.00000000 1.00000000 1.00000000 1.00000000 1.00000000 1.00000000 1.00000000 1.00000000 1.00000000 1.00000000 1.00000000 1.00000000 1.00000000 1.00000000 1.00000000 1.00000000 1.00000000 1.00000000 1.00000000 1.00000000 1.00000000 1.00000000 1.00000000 1.00000000 1.00000000 1.00000000 1.00000000 1.00000000 1.00000000 1.00000000 1.00000000 1.00000000 1.00000000 1.00000000 1.00000000 1.00000000 1.00000000 1.00000000
1.00000000 1.00000000 1.00000000 1.00000000 1.00000000 1.00000000 1.00000000 1.00000000 1.00000000 1.00000000 1.00000000 1.00000000 1.00000000 1.00000000 1.00000000 1.00000000 1.00000000 1.00000000 1.00000000 1.00000000 1.00000000 1.00000000 1.00000000 1.00000000 1.00000000 1.00000000 1.00000000 1.00000000 1.00000000 1.00000000 1.00000000 1.00000000 1.00000000 1.00000000 1.00000000 1.00000000 1.00000000 1.00000000 1.00000000 1.00000000 1.00000000 1.00000000 1.00000000 1.00000000 1.00000000 1.00000000 1.00000000 1.00000000 1.00000000 1.00000000 1.00000000 1.00000000 1.00000000 1.00000000 1.00000000 1.00000000 1.00000000 1.00000000 1.00000000 1.00000000 1.00000000 1.00000000 1.00000000 1.00000000 1.00000000 1.00000000 1.00000000 1.00000000 1.00000000 1.00000000 1.00000000 1.00000000 1.00000000 1.00000000 1.00000000 1.00000000 1.00000000 1.00000000 1.00000000 1.00000000 1.00000000
1.00000000 1.00000000 1.00000000 1.00000000 1.00000000 1.00000000 1.00000000 1.00000000 1.00000000 1.00000000 1.00000000 1.00000000 1.00000000 1.00000000 1.00000000 1.00000000 1.00000000 1.00000000 1.00000000 1.00000000 1.00000000 1.00000000 1.00000000 1.00000000 1.00000000 1.00000000 1.00000000 1.00000000 1.00000000 1.00000000 1.00000000 1.00000000 1.00000000 1.00000000 1.00000000 1.00000000 1.00000000 1.00000000 1.00000000 1.00000000 1.00000000 1.00000000 1.00000000 1.00000000 1.00000000 1.00000000 1.00000000 1.00000000 1.00000000 1.00000000 1.00000000 1.00000000 1.00000000 1.00000000 1.00000000 1.00000000 1.00000000 1.00000000 1.00000000 1.00000000 1.00000000 1.00000000 1.00000000 1.00000000 1.00000000 1.00000000 1.00000000 1.00000000 1.00000000 1.00000000 1.00000000 1.00000000 1.00000000 1.00000000 1.00000000 1.00000000 1.00000000 1.00000000 1.00000000 1.00000000 1.00000000
1.00000000 1.00000000 1.00000000 1.00000000 1.00000000 1.00000000 1.00000000 1.00000000 1.00000000 1.00000000 1.00000000 1.00000000 1.00000000 1.00000000 1.00000000 1.00000000 1.00000000 1.00000000 1.00000000 1.00000000 1.00000000 1.00000000 1.00000000 1.00000000 1.00000000 1.00000000 1.00000000 1.00000000 1.00000000 1.00000000 1.00000000 1.00000000 1.00000000 1.00000000 1.00000000 1.00000000 1.00000000 1.00000000 1.00000000 1.00000000 1.00000000 1.00000000 1.00000000 1.00000000 1.00000000 1.00000000 1.00000000 1.00000000 1.00000000 1.00000000 1.00000000 1.00000000 1.00000000 1.00000000 1.00000000 1.00000000 1.00000000 1.00000000 1.00000000 1.00000000 1.00000000 1.00000000 1.00000000 1.00000000 1.00000000 1.00000000 1.00000000 1.00000000 1.00000000 1.00000000 1.00000000 1.00000000 1.00000000 1.00000000 1.00000000 1.00000000 1.00000000 1.00000000 1.00000000 1.00000000 1.00000000
1.00000000 1.00000000 1.00000000 1.00000000 1.00000000 1.00000000 1.00000000 1.00000000 1.00000000 1.00000000 1.00000000 1.00000000 1.00000000 1.00000000 1.00000000 1.00000000 1.00000000 1.00000000 1.00000000 1.00000000 1.00000000 1.00000000 1.00000000 1.00000000 1.00000000 1.00000000 1.00000000 1.00000000 1.00000000 1.00000000 1.00000000 1.00000000 1.00000000 1.00000000 1.00000000 1.00000000 1.00000000 1.00000000 1.00000000 1.00000000 1.00000000 1.00000000 1.00000000 1.00000000 1.00000000 1.00000000 1.00000000 1.00000000 1.00000000 1.00000000 1.00000000 1.00000000 1.00000000 1.00000000 1.00000000 1.00000000 1.00000000 1.00000000 1.00000000 1.00000000 1.00000000 1.00000000 1.00000000 1.00000000 1.00000000 1.00000000 1.00000000 1.00000000 1.00000000 1.00000000 1.00000000 1.00000000 1.00000000 1.00000000 1.00000000 1.00000000 1.00000000 1.00000000 1.00000000 1.00000000 1.00000000
1.00000000 1.00000000 1.00000000 1.00000000 1.00000000 1.00000000 1.00000000 1.00000000 1.00000000 1.00000000 1.00000000 1.00000000 1.00000000 1.00000000 1.00000000 1.00000000 1.00000000 1.00000000 1.00000000 1.00000000 1.00000000 1.00000000 1.00000000 1.00000000 1.00000000 1.00000000 1.00000000 1.00000000 1.00000000 1.00000000 1.00000000 1.00000000 1.00000000 1.00000000 1.00000000 1.00000000 1.00000000 1.00000000 1.00000000 1.00000000 1.00000000 1.00000000 1.00000000 1.00000000 1.00000000 1.00000000 1.00000000 1.00000000 1.00000000 1.00000000 1.00000000 1.00000000 1.00000000 1.00000000 1.00000000 1.00000000 1.00000000 1.00000000 1.00000000 1.00000000 1.00000000 1.00000000 1.00000000 1.00000000 1.00000000 1.00000000 1.00000000 1.00000000 1.00000000 1.00000000 1.00000000 1.00000000 1.00000000 1.00000000 1.00000000 1.00000000 1.00000000 1.00000000 1.00000000 1.00000000 1.00000000
1.00000000 1.00000000 1.00000000 1.00000000 1.00000000 1.00000000 1.00000000 1.00000000 1.00000000 1.00000000 1.00000000 1.00000000 1.00000000 1.00000000 1.00000000 1.00000000 1.00000000 1.00000000 1.00000000 1.00000000 1.00000000 1.00000000 1.00000000 1.00000000 1.00000000 1.00000000 1.00000000 1.00000000 1.00000000 1.00000000 1.00000000 1.00000000 1.00000000 1.00000000 1.00000000 1.00000000 1.00000000 1.00000000 1.00000000 1.00000000 1.00000000 1.00000000 1.00000000 1.00000000 1.00000000 1.00000000 1.00000000 1.00000000 1.00000000 1.00000000 1.00000000 1.00000000 1.00000000 1.00000000 1.00000000 1.00000000 1.00000000 1.00000000 1.00000000 1.00000000 1.00000000 1.00000000 1.00000000 1.00000000 1.00000000 1.00000000 1.00000000 1.00000000 1.00000000 1.00000000 1.00000000 1.00000000 1.00000000 1.00000000 1.00000000 1.00000000 1.00000000 1.00000000 1.00000000 1.00000000 1.00000000
1.00000000 1.00000000 1.00000000 1.00000000 1.00000000 1.00000000 1.00000000 1.00000000 1.00000000 1.00000000 1.00000000 1.00000000 1.00000000 1.00000000 1.00000000 1.00000000 1.00000000 1.00000000 1.00000000 1.00000000 1.00000000 1.00000000 1.00000000 1.00000000 1.00000000 1.00000000 1.00000000 1.00000000 1.00000000 1.00000000 1.00000000 1.00000000 1.00000000 1.00000000 1.00000000 1.00000000 1.00000000 1.00000000 1.00000000 1.00000000 1.00000000 1.00000000 1.00000000 1.00000000 1.00000000 1.00000000 1.00000000 1.00000000 1.00000000 1.00000000 1.00000000 1.00000000 1.00000000 1.00000000 1.00000000 1.00000000 1.00000000 1.00000000 1.00000000 1.00000000 1.00000000 1.00000000 1.00000000 1.00000000 1.00000000 1.00000000 1.00000000 1.00000000 1.00000000 1.00000000 1.00000000 1.00000000 1.00000000 1.00000000 1.00000000 1.00000000 1.00000000 1.00000000 1.00000000 1.00000000 1.00000000
1.00000000 1.00000000 1.00000000 1.00000000 1.00000000 1.00000000 1.00000000 1.00000000 1.00000000 1.00000000 1.00000000 1.00000000 1.00000000 1.00000000 1.00000000 1.00000000 1.00000000 1.00000000 1.00000000 1.00000000 1.00000000 1.00000000 1.00000000 1.00000000 1.00000000 1.00000000 1.00000000 1.00000000 1.00000000 1.00000000 1.00000000 1.00000000 1.00000000 1.00000000 1.00000000 1.00000000 1.00000000 1.00000000 1.00000000 1.00000000 1.00000000 1.00000000 1.00000000 1.00000000 1.00000000 1.00000000 1.00000000 1.00000000 1.00000000 1.00000000 1.00000000 1.00000000 1.00000000 1.00000000 1.00000000 1.00000000 1.00000000 1.00000000 1.00000000 1.00000000 1.00000000 1.00000000 1.00000000 1.00000000 1.00000000 1.00000000 1.00000000 1.00000000 1.00000000 1.00000000 1.00000000 1.00000000 1.00000000 1.00000000 1.00000000 1.00000000 1.00000000 1.00000000 1.00000000 1.00000000 1.00000000
1.00000000 1.00000000 1.00000000 1.00000000 1.00000000 1.00000000 1.00000000 1.00000000 1.00000000 1.00000000 1.00000000 1.00000000 1.00000000 1.00000000 1.00000000 1.00000000 1.00000000 1.00000000 1.00000000 1.00000000 1.00000000 1.00000000 1.00000000 1.00000000 1.00000000 1.00000000 1.00000000 1.00000000 1.00000000 1.00000000 1.00000000 1.00000000 1.00000000 1.00000000 1.00000000 1.00000000 1.00000000 1.00000000 1.00000000 1.00000000 1.00000000 1.00000000 1.00000000 1.00000000 1.00000000 1.00000000 1.00000000 1.00000000 1.00000000 1.00000000 1.00000000 1.00000000 1.00000000 1.00000000 1.00000000 1.00000000 1.00000000 1.00000000 1.00000000 1.00000000 1.00000000 1.00000000 1.00000000 1.00000000 1.00000000 1.00000000 1.00000000 1.00000000 1.00000000 1.00000000 1.00000000 1.00000000 1.00000000 1.00000000 1.00000000 1.00000000 1.00000000 1.00000000 1.00000000 1.00000000 1.00000000
1.00000000 1.00000000 1.00000000 1.00000000 1.00000000 1.00000000 1.00000000 1.00000000 1.00000000 1.00000000 1.00000000 1.00000000 1.00000000 1.00000000 1.00000000 1.00000000 1.00000000 1.00000000 1.00000000 1.00000000 1.00000000 1.00000000 1.00000000 1.00000000 1.00000000 1.00000000 1.00000000 1.00000000 1.00000000 1.00000000 1.00000000 1.00000000 1.00000000 1.00000000 1.00000000 1.00000000 1.00000000 1.00000000 1.00000000 1.00000000 1.00000000 1.00000000 1.00000000 1.00000000 1.00000000 1.00000000 1.00000000 1.00000000 1.00000000 1.00000000 1.00000000 1.00000000 1.00000000 1.00000000 1.00000000 1.00000000 1.00000000 1.00000000 1.00000000 1.00000000 1.00000000 1.00000000 1.00000000 1.00000000 1.00000000 1.00000000 1.00000000 1.00000000 1.00000000 1.00000000 1.00000000 1.00000000 1.00000000 1.00000000 1.00000000 1.00000000 1.00000000 1.00000000 1.00000000 1.00000000 1.00000000
1.00000000 1.00000000 1.00000000 1.00000000 1.00000000 1.00000000 1.00000000 1.00000000 1.00000000 1.00000000 1.00000000 1.00000000 1.00000000 1.00000000 1.00000000 1.00000000 1.00000000 1.00000000 1.00000000 1.00000000 1.00000000 1.00000000 1.00000000 1.00000000 1.00000000 1.00000000 1.00000000 1.00000000 1.00000000 1.00000000 1.00000000 1.00000000 1.00000000 1.00000000 1.00000000 1.00000000 1.00000000 1.00000000 1.00000000 1.00000000 1.00000000 1.00000000 1.00000000 1.00000000 1.00000000 1.00000000 1.00000000 1.00000000 1.00000000 1.00000000 1.00000000 1.00000000 1.00000000 1.00000000 1.00000000 1.00000000 1.00000000 1.00000000 1.00000000 1.00000000 1.00000000 1.00000000 1.00000000 1.00000000 1.00000000 1.00000000 1.00000000 1.00000000 1.00000000 1.00000000 1.00000000 1.00000000 1.00000000 1.00000000 1.00000000 1.00000000 1.00000000 1.00000000 1.00000000 1.00000000 1.00000000
1.00000000 1.00000000 1.00000000 1.00000000 1.00000000 1.00000000 1.00000000 1.00000000 1.00000000 1.00000000 1.00000000 1.00000000 1.00000000 1.00000000 1.00000000 1.00000000 1.00000000 1.00000000 1.00000000 1.00000000 1.00000000 1.00000000 1.00000000 1.00000000 1.00000000 1.00000000 1.00000000 1.00000000 1.00000000 1.00000000 1.00000000 1.00000000 1.00000000 1.00000000 1.00000000 1.00000000 1.00000000 1.00000000 1.00000000 1.00000000 1.00000000 1.00000000 1.00000000 1.00000000 1.00000000 1.00000000 1.00000000 1.00000000 1.00000000 1.00000000 1.00000000 1.00000000 1.00000000 1.00000000 1.00000000 1.00000000 1.00000000 1.00000000 1.00000000 1.00000000 1.00000000 1.00000000 1.00000000 1.00000000 1.00000000 1.00000000 1.00000000 1.00000000 1.00000000 1.00000000 1.00000000 1.00000000 1.00000000 1.00000000 1.00000000 1.00000000 1.00000000 1.00000000 1.00000000 1.00000000 1.00000000
1.00000000 1.00000000 1.00000000 1.00000000 1.00000000 1.00000000 1.00000000 1.00000000 1.00000000 1.00000000 1.00000000 1.00000000 1.00000000 1.00000000 1.00000000 1.00000000 1.00000000 1.00000000 1.00000000 1.00000000 1.00000000 1.00000000 1.00000000 1.00000000 1.00000000 1.00000000 1.00000000 1.00000000 1.00000000 1.00000000 1.00000000 1.00000000 1.00000000 1.00000000 1.00000000 1.00000000 1.00000000 1.00000000 1.00000000 1.00000000 1.00000000 1.00000000 1.00000000 1.00000000 1.00000000 1.00000000 1.00000000 1.00000000 1.00000000 1.00000000 1.00000000 1.00000000 1.00000000 1.00000000 1.00000000 1.00000000 1.00000000 1.00000000 1.00000000 1.00000000 1.00000000 1.00000000 1.00000000 1.00000000 1.00000000 1.00000000 1.00000000 1.00000000 1.00000000 1.00000000 1.00000000 1.00000000 1.00000000 1.00000000 1.00000000 1.00000000 1.00000000 1.00000000 1.00000000 1.00000000 1.00000000
1.00000000 1.00000000 1.00000000 1.00000000 1.00000000 1.00000000 1.00000000 1.00000000 1.00000000 1.00000000 1.00000000 1.00000000 1.00000000 1.00000000 1.00000000 1.00000000 1.00000000 1.00000000 1.00000000 1.00000000 1.00000000 1.00000000 1.00000000 1.00000000 1.00000000 1.00000000 1.00000000 1.00000000 1.00000000 1.00000000 1.00000000 1.00000000 1.00000000 1.00000000 1.00000000 1.00000000 1.00000000 1.00000000 1.00000000 1.00000000 1.00000000 1.00000000 1.00000000 1.00000000 1.00000000 1.00000000 1.00000000 1.00000000 1.00000000 1.00000000 1.00000000 1.00000000 1.00000000 1.00000000 1.00000000 1.00000000 1.00000000 1.00000000 1.00000000 1.00000000 1.00000000 1.00000000 1.00000000 1.00000000 1.00000000 1.00000000 1.00000000 1.00000000 1.00000000 1.00000000 1.00000000 1.00000000 1.00000000 1.00000000 1.00000000 1.00000000 1.00000000 1.00000000 1.00000000 1.00000000 1.00000000
1.00000000 1.00000000 1.00000000 1.00000000 1.00000000 1.00000000 1.00000000 1.00000000 1.00000000 1.00000000 1.00000000 1.00000000 1.00000000 1.00000000 1.00000000 1.00000000 1.00000000 1.00000000 1.00000000 1.00000000 1.00000000 1.00000000 1.00000000 1.00000000 1.00000000 1.00000000 1.00000000 1.00000000 1.00000000 1.00000000 1.00000000 1.00000000 1.00000000 1.00000000 1.00000000 1.00000000 1.00000000 1.00000000 1.00000000 1.00000000 1.00000000 1.00000000 1.00000000 1.00000000 1.00000000 1.00000000 1.00000000 1.00000000 1.00000000 1.00000000 1.00000000 1.00000000 1.00000000 1.00000000 1.00000000 1.00000000 1.00000000 1.00000000 1.00000000 1.00000000 1.00000000 1.00000000 1.00000000 1.00000000 1.00000000 1.00000000 1.00000000 1.00000000 1.00000000 1.00000000 1.00000000 1.00000000 1.00000000 1.00000000 1.00000000 1.00000000 1.00000000 1.00000000 1.00000000 1.00000000 1.00000000
1.00000000 1.00000000 1.00000000 1.00000000 1.00000000 1.00000000 1.00000000 1.00000000 1.00000000 1.00000000 1.00000000 1.00000000 1.00000000 1.00000000 1.00000000 1.00000000 1.00000000 1.00000000 1.00000000 1.00000000 1.00000000 1.00000000 1.00000000 1.00000000 1.00000000 1.00000000 1.00000000 1.00000000 1.00000000 1.00000000 1.00000000 1.00000000 1.00000000 1.00000000 1.00000000 1.00000000 1.00000000 1.00000000 1.00000000 1.00000000 1.00000000 1.00000001 1.00000001 1.00000001 1.00000001 1.00000001 1.00000002 1.00000002 1.00000002 1.00000002 1.00000002 1.00000002 1.00000003 1.00000003 1.00000003 1.00000003 1.00000003 1.00000003 1.00000003 1.00000003 1.00000002 1.00000002 1.00000002 1.00000002 1.00000002 1.00000002 1.00000001 1.00000001 1.00000001 1.00000001 1.00000000 1.00000000 1.00000000 1.00000000 1.00000000 1.00000000 1.00000000 1.00000000 1.00000000 1.00000000 1.00000000
1.00000000 1.00000000 1.00000000 1.00000000 1.00000000 1.00000000 1.00000000 1.00000000 1.00000000 1.00000000 1.00000000 1.00000000 1.00000000 1.00000000 1.00000000 1.00000000 1.00000000 1.00000000 1.00000000 1.00000000 1.00000000 1.00000000 1.00000000 1.00000000 1.00000000 1.00000000 1.00000000 1.00000000 1.00000000 1.00000000 1.00000000 1.00000000 1.00000000 1.00000000 1.00000000 1.00000000 1.00000001 1.00000001 1.00000001 1.00000002 1.00000003 1.00000005 1.00000007 1.00000008 1.00000010 1.00000013 1.00000014 1.00000016 1.00000018 1.00000019 1.00000020 1.00000021 1.00000022 1.00000022 1.00000022 1.00000022 1.00000022 1.00000022 1.00000022 1.00000021 1.00000021 1.00000020 1.00000018 1.00000017 1.00000015 1.00000013 1.00000010 1.00000008 1.00000006 1.00000005 1.00000003 1.00000002 1.00000002 1.00000001 1.00000001 1.00000000 1.00000000 1.00000000 1.00000000 1.00000000 1.00000000
1.00000000 1.00000000 1.00000000 1.00000000 1.00000000 1.00000000 1.00000000 1.00000000 1.00000000 1.00000000 1.00000000 1.00000000 1.00000000 1.00000000 1.00000000 1.00000000 1.00000000 1.00000000 1.00000000 1.00000000 1.00000000 1.00000000 1.00000000 1.00000000 1.00000000 1.00000000 1.00000000 1.00000000 1.00000000 1.00000000 1.00000000 1.00000000 1.00000000 1.00000000 1.00000001 1.00000002 1.00000004 1.00000006 1.00000010 1.00000016 1.00000023 1.00000032 1.00000043 1.00000055 1.00000068 1.00000080 1.00000092 1.00000103 1.00000112 1.00000120 1.00000126 1.00000130 1.00000134 1.00000136 1.00000137 1.00000138 1.00000138 1.00000137 1.00000135 1.00000132 1.00000127 1.00000120 1.00000111 1.00000101 1.00000089 1.00000076 1.00000063 1.00000050 1.00000038 1.00000028 1.00000020 1.00000014 1.00000009 1.00000006 1.00000003 1.00000002 1.00000001 1.00000001 1.00000000 1.00000000 1.00000000
1.00000000 1.00000000 1.00000000 1.00000000 1.00000000 1.00000000 1.00000000 1.00000000 1.00000000 1.00000000 1.00000000 1.00000000 1.00000000 1.00000000 1.00000000 1.00000000 1.00000000 1.00000000 1.00000000 1.00000000 1.00000000 1.00000000 1.00000000 1.00000000 1.00000000 1.00000000 1.00000000 1.00000000 1.00000000 1.00000000 1.00000000 1.00000000 1.00000001 1.00000003 1.00000006 1.00000011 1.00000020 1.00000034 1.00000055 1.00000085 1.00000123 1.00000170 1.00000224 1.00000283 1.00000345 1.00000406 1.00000464 1.00000515 1.00000559 1.00000595 1.00000623 1.00000644 1.00000658 1.00000668 1.00000674 1.00000676 1.00000675 1.00000670 1.00000660 1.00000643 1.00000618 1.00000584 1.00000540 1.00000487 1.00000427 1.00000363 1.00000298 1.00000236 1.00000180 1.00000132 1.00000093 1.00000063 1.00000041 1.00000026 1.00000015 1.00000009 1.00000005 1.00000003 1.00000001 1.00000001 1.00000000
1.00000000 1.00000000 1.00000000 1.00000000 1.00000000 1.00000000 1.00000000 1.00000000 1.00000000 1.00000000 1.00000000 1.00000000 1.00000000 1.00000000 1.00000000 1.00000000 1.00000000 1.00000000 1.00000000 1.00000000 1.00000000 1.00000000 1.00000000 1.00000000 1.00000000 1.00000000 1.00000000 1.00000000 1.00000000 1.00000000 1.00000001 1.00000002 1.00000005 1.00000012 1.00000026 1.00000050 1.00000091 1.00000155 1.00000247 1.00000374 1.00000536 1.00000733 1.00000958 1.00001202 1.00001452 1.00001697 1.00001925 1.00002126 1.00002296 1.00002434 1.00002540 1.00002618 1.00002673 1.00002709 1.00002730 1.00002737 1.00002731 1.00002709 1.00002665 1.00002595 1.00002490 1.00002348 1.00002165 1.00001946 1.00001699 1.00001437 1.00001174 1.00000924 1.00000700 1.00000510 1.00000357 1.00000239 1.00000154 1.00000095 1.00000056 1.00000032 1.00000017 1.00000009 1.00000004 1.00000002 1.00000000
1.00000000 1.00000000 1.00000000 1.00000000 1.00000000 1.00000000 1.00000000 1.00000000 1.00000000 1.00000000 1.00000000 1.00000000 1.00000000 1.00000000 1.00000000 1.00000000 1.00000000 1.00000000 1.00000000 1.00000000 1.00000000 1.00000000 1.00000000 1.00000000 1.00000000 1.00000000 1.00000000 1.00000000 1.00000000 1.00000001 1.00000003 1.00000009 1.00000022 1.00000050 1.00000103 1.00000197 1.00000353 1.00000592 1.00000935 1.00001397 1.00001982 1.00002682 1.00003472 1.00004317 1.00005175 1.00006004 1.00006766 1.00007434 1.00007994 1.00008442 1.00008785 1.00009036 1.00009210 1.00009324 1.00009388 1.00009408 1.00009382 1.00009300 1.00009144 1.00008893 1.00008524 1.00008021 1.00007380 1.00006614 1.00005754 1.00004845 1.00003937 1.00003081 1.00002319 1.00001676 1.00001162 1.00000773 1.00000492 1.00000301 1.00000176 1.00000098 1.00000053 1.00000027 1.00000013 1.00000006 1.00000000
1.00000000 1.00000000 1.00000000 1.00000000 1.00000000 1.00000000 1.00000000 1.00000000 1.00000000 1.00000000 1.00000000 1.00000000 1.00000000 1.00000000 1.00000000 1.00000000 1.00000000 1.00000000 1.00000000 1.00000000 1.00000000 1.00000000 1.00000000 1.00000000 1.00000000 1.00000000 1.00000000 1.00000000 1.00000001 1.00000004 1.00000012 1.00000033 1.00000079 1.00000174 1.00000354 1.00000670 1.00001183 1.00001960 1.00003059 1.00004517 1.00006339 1.00008486 1.00010878 1.00013406 1.00015943 1.00018367 1.00020573 1.00022490 1.00024082 1.00025347 1.00026309 1.00027009 1.00027494 1.00027807 1.00027979 1.00028026 1.00027937 1.00027681 1.00027203 1.00026437 1.00025313 1.00023786 1.00021846 1.00019532 1.00016941 1.00014208 1.00011493 1.00008947 1.00006691 1.00004802 1.00003303 1.00002176 1.00001373 1.00000829 1.00000479 1.00000265 1.00000140 1.00000071 1.00000035 1.00000016 1.00000000
1.00000000 1.00000000 1.00000000 1.00000000 1.00000000 1.00000000 1.00000000 1.00000000 1.00000000 1.00000000 1.00000000 1.00000000 1.00000000 1.00000000 1.00000000 1.00000000 1.00000000 1.00000000 1.00000000 1.00000000 1.00000000 1.00000000 1.00000000 1.00000000 1.00000000 1.00000000 1.00000000 1.00000001 1.00000004 1.00000014 1.00000040 1.00000103 1.00000245 1.00000534 1.00001073 1.00002003 1.00003491 1.00005708 1.00008798 1.00012837 1.00017810 1.00023588 1.00029943 1.00036575 1.00043154 1.00049373 1.00054982 1.00059815 1.00063801 1.00066949 1.00069332 1.00071060 1.00072252 1.00073018 1.00073434 1.00073530 1.00073279 1.00072591 1.00071319 1.00069282 1.00066300 1.00062248 1.00057098 1.00050963 1.00044097 1.00036871 1.00029707 1.00023014 1.00017112 1.00012196 1.00008324 1.00005437 1.00003397 1.00002030 1.00001160 1.00000634 1.00000332 1.00000166 1.00000079 1.00000036 1.00000000
1.00000000 1.00000000 1.00000000 1.00000000 1.00000000 1.00000000 1.00000000 1.00000000 1.00000000 1.00000000 1.00000000 1.00000000 1.00000000 1.00000000 1.00000000 1.00000000 1.00000000 1.00000000 1.00000000 1.00000000 1.00000000 1.00000000 1.00000000 1.00000000 1.00000000 1.00000000 1.00000001 1.00000003 1.00000012 1.00000040 1.00000113 1.00000291 1.00000681 1.00001462 1.00002898 1.00005337 1.00009176 1.00014806 1.00022528 1.00032471 1.00044527 1.00058339 1.00073330 1.00088783 1.00103946 1.00118138 1.00130830 1.00141692 1.00150597 1.00157601 1.00162888 1.00166713 1.00169352 1.00171044 1.00171957 1.00172150 1.00171548 1.00169935 1.00166960 1.00162193 1.00155206 1.00145689 1.00133571 1.00119110 1.00102908 1.00085848 1.00068951 1.00053193 1.00039344 1.00027863 1.00018875 1.00012223 1.00007564 1.00004473 1.00002527 1.00001364 1.00000704 1.00000347 1.00000164 1.00000074 1.00000000
1.00000000 1.00000000 1.00000000 1.00000000 1.00000000 1.00000000 1.00000000 1.00000000 1.00000000 1.00000000 1.00000000 1.00000000 1.00000000 1.00000000 1.00000000 1.00000000 1.00000000 1.00000000 1.00000000 1.00000000 1.00000000 1.00000000 1.00000000 1.00000000 1.00000000 1.00000000 1.00000002 1.00000009 1.00000033 1.00000103 1.00000291 1.00000738 1.00001704 1.00003609 1.00007055 1.00012809 1.00021718 1.00034568 1.00051906 1.00073878 1.00100119 1.00129755 1.00161499 1.00193838 1.00225244 1.00254380 1.00280249 1.00302264 1.00320244 1.00334353 1.00344993 1.00352699 1.00358026 1.00361454 1.00363311 1.00363703 1.00362465 1.00359133 1.00352969 1.00343051 1.00328451 1.00308474 1.00282923 1.00252300 1.00217864 1.00181507 1.00145445 1.00111818 1.00082320 1.00057951 1.00038974 1.00025027 1.00015340 1.00008974 1.00005012 1.00002672 1.00001361 1.00000662 1.00000308 1.00000137 1.00000000
1.00000000 1.00000000 1.00000000 1.00000000 1.00000000 1.00000000 1.00000000 1.00000000 1.00000000 1.00000000 1.00000000 1.00000000 1.00000000 1.00000000 1.00000000 1.00000000 1.00000000 1.00000000 1.00000000 1.00000000 1.00000000 1.00000000 1.00000000 1.00000000 1.00000000 1.00000001 1.00000005 1.00000022 1.00000079 1.00000245 1.00000681 1.00001704 1.00003881 1.00008102 1.00015613 1.00027939 1.00046699 1.00073298 1.00108590 1.00152593 1.00204348 1.00261976 1.00322922 1.00384322 1.00443392 1.00497781 1.00545796 1.00586502 1.00619683 1.00645716 1.00665383 1.00679676 1.00689610 1.00696056 1.00699604 1.00700438 1.00698242 1.00692141 1.00680729 1.00662224 1.00634785 1.00596966 1.00548235 1.00489412 1.00422837 1.00352172 1.00281813 1.00216081 1.00158427 1.00110911 1.00074070 1.00047166 1.00028632 1.00016571 1.00009145 1.00004814 1.00002418 1.00001160 1.00000531 1.00000232 1.00000000
1.00000000 1.00000000 1.00000000 1.00000000 1.00000000 1.00000000 1.00000000 1.00000000 1.00000000 1.00000000 1.00000000 1.00000000 1.00000000 1.00000000 1.00000000 1.00000000 1.00000000 1.00000000 1.00000000 1.00000000 1.00000000 1.00000000 1.00000000 1.00000000 1.00000000 1.00000003 1.00000012 1.00000050 1.00000174 1.00000534 1.00001462 1.00003609 1.00008102 1.00016671 1.00031656 1.00055822 1.00091957 1.00142301 1.00207969 1.00288521 1.00381837 1.00484329 1.00591427 1.00698233 1.00800155 1.00893436 1.00975463 1.01044875 1.01101467 1.01145964 1.01179723 1.01204411 1.01221718 1.01233096 1.01239530 1.01241340 1.01238000 1.01228031 1.01209011 1.01177795 1.01131024 1.01065894 1.00981101 1.00877698 1.00759553 1.00633114 1.00506419 1.00387569 1.00283163 1.00197206 1.00130803 1.00082596 1.00049652 1.00028422 1.00015497 1.00008053 1.00003990 1.00001886 1.00000851 1.00000366 1.00000000
1.00000000 1.00000000 1.00000000 1.00000000 1.00000000 1.00000000 1.00000000 1.00000000 1.00000000 1.00000000 1.00000000 1.00000000 1.00000000 1.00000000 1.00000000 1.00000000 1.00000000 1.00000000 1.00000000 1.00000000 1.00000000 1.00000000 1.00000000 1.00000000 1.00000001 1.00000006 1.00000026 1.00000103 1.00000354 1.00001073 1.00002898 1.00007055 1.00015613 1.00031656 1.00059223 1.00102895 1.00167036 1.00254835 1.00367423 1.00503335 1.00658500 1.00826735 1.01000619 1.01172510 1.01335471 1.01483979 1.01614311 1.01724626 1.01814785 1.01885998 1.01940383 1.01980508 1.02008966 1.02027999 1.02039156 1.02042980 1.02038721 1.02024119 1.01995368 1.01947376 1.01874470 1.01771591 1.01635845 1.01468092 1.01273985 1.01063907 1.00851479 1.00650928 1.00474162 1.00328608 1.00216489 1.00135548 1.00080673 1.00045659 1.00024589 1.00012608 1.00006159 1.00002868 1.00001274 1.00000540 1.00000000
1.00000000 1.00000000 1.00000000 1.00000000 1.00000000 1.00000000 1.00000000 1.00000000 1.00000000 1.00000000 1.00000000 1.00000000 1.00000000 1.00000000 1.00000000 1.00000000 1.00000000 1.00000000 1.00000000 1.00000000 1.00000000 1.00000000 1.00000000 1.00000000 1.00000002 1.00000011 1.00000050 1.00000197 1.00000670 1.00002003 1.00005337 1.00012809 1.00027939 1.00055822 1.00102895 1.00176144 1.00281816 1.00423960 1.00603234 1.00816357 1.01056364 1.01313560 1.01576879 1.01835318 1.02079165 1.02300861 1.02495425 1.02660489 1.02796008 1.02903769 1.02986795 1.03048735 1.03093289 1.03123698 1.03142267 1.03149904 1.03145686 1.03126483 1.03086802 1.03019018 1.02914242 1.02763960 1.02562398 1.02309197 1.02011564 1.01684805 1.01350434 1.01031985 1.00749865 1.00517246 1.00338458 1.00210085 1.00123752 1.00069228 1.00036808 1.00018616 1.00008964 1.00004112 1.00001799 1.00000751 1.00000000
1.00000000 1.00000000 1.00000000 1.00000000 1.00000000 1.00000000 1.00000000 1.00000000 1.00000000 1.00000000 1.00000000 1.00000000 1.00000000 1.00000000 1.00000000 1.00000000 1.00000000 1.00000000 1.00000000 1.00000000 1.00000000 1.00000000 1.00000000 1.00000001 1.00000004 1.00000020 1.00000091 1.00000353 1.00001183 1.00003491 1.00009176 1.00021718 1.00046699 1.00091957 1.00167036 1.00281816 1.00444532 1.00659752 1.00926950 1.01240112 1.01588458 1.01957978 1.02333353 1.02699800 1.03044558 1.03357857 1.03633347 1.03868058 1.04062007 1.04217561 1.04338698 1.04430244 1.04497154 1.04543848 1.04573584 1.04587834 1.04585650 1.04563082 1.04512800 1.04424192 1.04284257 1.04079635 1.03799880 1.03441610 1.03012474 1.02533105 1.02035290 1.01555868 1.01128195 1.00774679 1.00503425 1.00309693 1.00180487 1.00099751 1.00052340 1.00026102 1.00012384 1.00005596 1.00002410 1.00000990 1.00000000
1.00000000 1.00000000 1.00000000 1.00000000 1.00000000 1.00000000 1.00000000 1.00000000 1.00000000 1.00000000 1.00000000 1.00000000 1.00000000 1.00000000 1.00000000 1.00000000 1.00000000 1.00000000 1.00000000 1.00000000 1.00000000 1.00000000 1.00000000 1.00000001 1.00000006 1.00000034 1.00000155 1.00000592 1.00001960 1.00005708 1.00014806 1.00034568 1.00073298 1.00142301 1.00254835 1.00423960 1.00659752 1.00966738 1.01342386 1.01777087 1.02255497 1.02758755 1.03266948 1.03761320 1.04225946 1.04648745 1.05021890 1.05341684 1.05608076 1.05823901 1.05994024 1.06124436 1.06221401 1.06290643 1.06336562 1.06361424 1.06364510 1.06341260 1.06282589 1.06174681 1.05999718 1.05738092 1.05372510 1.04893924 1.04308113 1.03640318 1.02934545 1.02245569 1.01625576 1.01111228 1.00717039 1.00437009 1.00251860 1.00137459 1.00071148 1.00034973 1.00016346 1.00007273 1.00003084 1.00001247 1.00000000
1.00000000 1.00000000 1.00000000 1.00000000 1.00000000 1.00000000 1.00000000 1.00000000 1.00000000 1.00000000 1.00000000 1.00000000 1.00000000 1.00000000 1.00000000 1.00000000 1.00000000 1.00000000 1.00000000 1.00000000 1.00000000 1.00000000 1.00000000 1.00000001 1.00000010 1.00000055 1.00000247 1.00000935 1.00003059 1.00008798 1.00022528 1.00051906 1.00108590 1.00207969 1.00367423 1.00603234 1.00926950 1.01342386 1.01844251 1.02418679 1.03045327 1.03700263 1.04358918 1.04998575 1.05600137 1.06149159 1.06636201 1.07056649 1.07410149 1.07699778 1.07931088 1.08111103 1.08247344 1.08346885 1.08415411 1.08456228 1.08469169 1.08449435 1.08386508 1.08263482 1.08057363 1.07741121 1.07288340 1.06680949 1.05919180 1.05030504 1.04071988 1.03121170 1.02256453 1.01535671 1.00983700 1.00593717 1.00338211 1.00182189 1.00092981 1.00045034 1.00020732 1.00009083 1.00003792 1.00001510 1.00000000
1.00000000 1.00000000 1.00000000 1.00000000 1.00000000 1.00000000 1.00000000 1.00000000 1.00000000 1.00000000 1.00000000 1.00000000 1.00000000 1.00000000 1.00000000 1.00000000 1.00000000 1.00000000 1.00000000 1.00000000 1.00000000 1.00000000 1.00000000 1.00000002 1.00000016 1.00000085 1.00000374 1.00001397 1.00004517 1.00012837 1.00032471 1.00073878 1.00152593 1.00288521 1.00503335 1.00816357 1.01240112 1.01777087 1.02418679 1.03146436 1.03934918 1.04755208 1.05578248 1.06377500 1.07130766 1.07821180 1.08437525 1.08974012 1.09429668 1.09807478 1.10113367 1.10355142 1.10541419 1.10680569 1.10779639 1.10843187 1.10871953 1.10861377 1.10800052 1.10668438 1.10438463 1.10074970 1.09540384 1.08803901 1.07855238 1.06719666 1.05466250 1.04199660 1.03033271 1.02055280 1.01306608 1.00780611 1.00439294 1.00233450 1.00117426 1.00056024 1.00025397 1.00010957 1.00004505 1.00001767 1.00000000
1.00000000 1.00000000 1.00000000 1.00000000 1.00000000 1.00000000 1.00000000 1.00000000 1.00000000 1.00000000 1.00000000 1.00000000 1.00000000 1.00000000 1.00000000 1.00000000 1.00000000 1.00000000 1.00000000 1.00000000 1.00000000 1.00000000 1.00000000 1.00000003 1.00000023 1.00000123 1.00000536 1.00001982 1.00006339 1.00017810 1.00044527 1.00100119 1.00204348 1.00381837 1.00658500 1.01056364 1.01588458 1.02255497 1.03045327 1.03934918 1.04893952 1.05888844 1.06886358 1.07856364 1.08773643 1.09618856 1.10378817 1.11046255 1.11619206 1.12100149 1.12494988 1.12811959 1.13060504 1.13250135 1.13389242 1.13483778 1.13535722 1.13541273 1.13488822 1.13356959 1.13113111 1.12713925 1.12109230 1.11251905 1.10115287 1.08715819 1.07130832 1.05495094 1.03966732 1.02676066 1.01687959 1.00997752 1.00554404 1.00290506 1.00143967 1.00067643 1.00030195 1.00012829 1.00005196 1.00002009 1.00000000
1.00000000 1.00000000 1.00000000 1.00000000 1.00000000 1.00000000 1.00000000 1.00000000 1.00000000 1.00000000 1.00000000 1.00000000 1.00000000 1.00000000 1.00000000 1.00000000 1.00000000 1.00000000 1.00000000 1.00000000 1.00000000 1.00000000 1.00000001 1.00000005 1.00000032 1.00000170 1.00000733 1.00002682 1.00008486 1.00023588 1.00058339 1.00129755 1.00261976 1.00484329 1.00826735 1.01313560 1.01957978 1.02758755 1.03700263 1.04755208 1.05888844 1.07063389 1.08241819 1.09390663 1.10481782 1.11493300 1.12409855 1.13222379 1.13927516 1.14526792 1.15025635 1.15432279 1.15756634 1.16009091 1.16199261 1.16334536 1.16418380 1.16448243 1.16413061 1.16290520 1.16044554 1.15624237 1.14966226 1.14004175 1.12688882 1.11019373 1.09074250 1.07018826 1.05066104 1.03403072 1.02129180 1.01244637 1.00682504 1.00352473 1.00172037 1.00079591 1.00034986 1.00014642 1.00005844 1.00002228 1.00000000
1.00000000 1.00000000 1.00000000 1.00000000 1.00000000 1.00000000 1.00000000 1.00000000 1.00000000 1.00000000 1.00000000 1.00000000 1.00000000 1.00000000 1.00000000 1.00000000 1.00000000 1.00000000 1.00000000 1.00000000 1.00000000 1.00000000 1.00000001 1.00000007 1.00000043 1.00000224 1.00000958 1.00003472 1.00010878 1.00029943 1.00073330 1.00161499 1.00322922 1.00591427 1.01000619 1.01576879 1.02333353 1.03266948 1.04358918 1.05578248 1.06886358 1.08241819 1.09604242 1.10937080 1.12209375 1.13396656 1.14481200 1.15451837 1.16303424 1.17036087 1.17654292 1.18165802 1.18580559 1.18909487 1.19163178 1.19350391 1.19476206 1.19539714 1.19531113 1.19428229 1.19192818 1.18767639 1.18076606 1.17032349 1.15557445 1.13623571 1.11300073 1.08779572 1.06339404 1.04240575 1.02631089 1.01520338 1.00822329 1.00418385 1.00201070 1.00091587 1.00039650 1.00016351 1.00006436 1.00002422 1.00000000
1.00000000 1.00000000 1.00000000 1.00000000 1.00000000 1.00000000 1.00000000 1.00000000 1.00000000 1.00000000 1.00000000 1.00000000 1.00000000 1.00000000 1.00000000 1.00000000 1.00000000 1.00000000 1.00000000 1.00000000 1.00000000 1.00000000 1.00000001 1.00000008 1.00000055 1.00000283 1.00001202 1.00004317 1.00013406 1.00036575 1.00088783 1.00193838 1.00384322 1.00698233 1.01172510 1.01835318 1.02699800 1.03761320 1.04998575 1.06377500 1.07856364 1.09390663 1.10937080 1.12456265 1.13914554 1.15284855 1.16546929 1.17687241 1.18698506 1.19579020 1.20331815 1.20963691 1.21484150 1.21904216 1.22235135 1.22486828 1.22665985 1.22773588 1.22801682 1.22729253 1.22517342 1.22104135 1.21402192 1.20302734 1.18695644 1.16514902 1.13806781 1.10783215 1.07793345 1.05192115 1.03193951 1.01823553 1.00972440 1.00487238 1.00230514 1.00103380 1.00044087 1.00017923 1.00006961 1.00002587 1.00000000
