1.00000000 1.00000000 1.00000000 1.00000000 1.00000000 1.00000000 1.00000000 1.00000000 1.00000000 1.00000000 1.00000000 1.00000000 1.00000000 1.00000000 1.00000000 1.00000000 1.00000000 1.00000000 1.00000000 1.00000000 1.00000000 1.00000000 1.00000000 1.00000000 1.00000000 1.00000000 1.00000000 1.00000000 1.00000000 1.00000000 1.00000000
1.00000000 1.00466431 1.00907681 1.01429871 1.01868389 1.02435044 1.02843408 1.03380541 1.03678511 1.04075164 1.04168780 1.04333395 1.04170920 1.04081052 1.03689446 1.03403377 1.02881644 1.02507388 1.01981496 1.01625772 1.01194672 1.00923345 1.00628493 1.00456877 1.00286898 1.00195635 1.00112555 1.00070950 1.00035555 1.00016723 1.00000000
1.00000000 1.00907681 1.01899850 1.02789622 1.03896166 1.04769072 1.05903775 1.06645608 1.07610724 1.08031829 1.08608441 1.08548423 1.08613255 1.08042679 1.07635050 1.06688108 1.05987738 1.04905084 1.04141536 1.03161471 1.02515585 1.01782725 1.01335051 1.00874979 1.00615517 1.00371371 1.00244104 1.00133475 1.00077910 1.00031244 1.00000000
1.00000000 1.01429871 1.02789622 1.04382439 1.05739093 1.07460954 1.08728677 1.10355092 1.11286796 1.12480586 1.12787809 1.13270682 1.12794515 1.12498842 1.11320923 1.10425695 1.08847526 1.07684062 1.06089472 1.04985370 1.03676211 1.02833907 1.01937310 1.01403921 1.00886293 1.00602100 1.00348637 1.00218769 1.00110439 1.00051645 1.00000000
1.00000000 1.01868389 1.03896166 1.05739093 1.07987306 1.09803514 1.12098198 1.13650753 1.15591368 1.16489938 1.17632519 1.17547627 1.17642555 1.16512782 1.15641912 1.13739750 1.12272035 1.10086948 1.08493817 1.06510884 1.05164222 1.03678714 1.02744442 1.01810184 1.01267596 1.00770768 1.00503852 1.00278051 1.00161201 1.00065289 1.00000000
1.00000000 1.02435044 1.04769072 1.07460954 1.09803514 1.12696404 1.14896742 1.17614302 1.19248666 1.21224274 1.21800200 1.22566009 1.21811984 1.21255877 1.19308324 1.17736030 1.15103308 1.13079674 1.10409506 1.08493678 1.06296315 1.04834415 1.03326476 1.02399167 1.01526711 1.01031267 1.00602897 1.00375713 1.00191757 1.00088896 1.00000000
1.00000000 1.02843408 1.05903775 1.08728677 1.12098198 1.14896742 1.18316833 1.20725123 1.23597548 1.25021494 1.26682179 1.26621388 1.26697661 1.25057134 1.23675243 1.20863167 1.18583017 1.15334035 1.12871272 1.09914160 1.07834187 1.05614098 1.04169615 1.02770463 1.01929693 1.01183859 1.00768942 1.00428824 1.00246664 1.00101033 1.00000000
1.00000000 1.03380541 1.06645608 1.10355092 1.13650753 1.17614302 1.20725123 1.24428169 1.26761724 1.29427603 1.30298353 1.31285543 1.30315189 1.29472126 1.26846564 1.24599051 1.21017362 1.18150599 1.14504261 1.11796342 1.08788771 1.06722103 1.04654178 1.03341270 1.02142389 1.01439174 1.00849044 1.00525593 1.00271039 1.00124611 1.00000000
1.00000000 1.03678511 1.07610724 1.11286796 1.15591368 1.19248666 1.23597548 1.26761724 1.30392753 1.32294961 1.34361024 1.34354782 1.34381255 1.32341963 1.30494013 1.26942972 1.23943457 1.19820472 1.16593512 1.12831625 1.10108201 1.07278933 1.05386157 1.03600117 1.02496527 1.01542658 1.00996715 1.00560565 1.00320373 1.00132418 1.00000000
1.00000000 1.04075164 1.08031829 1.12480586 1.16489938 1.21224274 1.25021494 1.29427603 1.32294961 1.35444733 1.36554097 1.37680708 1.36574779 1.35498914 1.32398876 1.29635082 1.25378233 1.21874075 1.17528791 1.14223900 1.10634107 1.08111628 1.05640147 1.04036105 1.02601317 1.01740769 1.01033335 1.00636731 1.00330663 1.00151158 1.00000000
1.00000000 1.04168780 1.08608441 1.12787809 1.17632519 1.21800200 1.26682179 1.30298353 1.34361024 1.36554097 1.38844732 1.38882482 1.38867774 1.36607901 1.34476205 1.30505358 1.27075054 1.22451868 1.18769293 1.14545238 1.11438553 1.08258655 1.06098684 1.04089523 1.02829024 1.01754927 1.01130573 1.00638758 1.00363775 1.00151094 1.00000000
1.00000000 1.04333395 1.08548423 1.13270682 1.17547627 1.22566009 1.26621388 1.31285543 1.34354782 1.37680708 1.38882482 1.40057104 1.38904615 1.37738499 1.34465874 1.31506686 1.27002338 1.23258133 1.18655906 1.15126514 1.11322377 1.08628502 1.06008304 1.04294723 1.02772920 1.01853111 1.01102362 1.00678168 1.00353034 1.00161063 1.00000000
1.00000000 1.04170920 1.08613255 1.12794515 1.17642555 1.21811984 1.26697661 1.30315189 1.34381255 1.36574779 1.38867774 1.38904615 1.38890823 1.36628596 1.34496472 1.30522252 1.27090682 1.22463870 1.18779808 1.14552620 1.11444687 1.08262561 1.06101764 1.04091289 1.02830344 1.01755603 1.01131051 1.00638973 1.00363913 1.00151139 1.00000000
1.00000000 1.04081052 1.08042679 1.12498842 1.16512782 1.21255877 1.25057134 1.29472126 1.32341963 1.35498914 1.36607901 1.37738499 1.36628596 1.35553138 1.32445951 1.29679798 1.25414171 1.21906366 1.17552639 1.14244207 1.10647785 1.08122674 1.05646883 1.04041262 1.02604144 1.01742819 1.01034336 1.00637411 1.00330947 1.00151306 1.00000000
1.00000000 1.03689446 1.07635050 1.11320923 1.15641912 1.19308324 1.23675243 1.26846564 1.30494013 1.32398876 1.34476205 1.34465874 1.34496472 1.32445951 1.30595478 1.27028142 1.24021944 1.19881325 1.16646601 1.12869377 1.10139413 1.07299147 1.05401996 1.03609396 1.02503412 1.01546281 1.00999252 1.00561746 1.00321122 1.00132672 1.00000000
1.00000000 1.03403377 1.06688108 1.10425695 1.13739750 1.17736030 1.20863167 1.24599051 1.26942972 1.29635082 1.30505358 1.31506686 1.30522252 1.29679798 1.27028142 1.24770759 1.21156698 1.18275185 1.14597471 1.11875262 1.08842848 1.06765476 1.04681221 1.03361806 1.02153965 1.01447484 1.00853244 1.00528412 1.00272261 1.00125239 1.00000000
1.00000000 1.02881644 1.05987738 1.08847526 1.12272035 1.15103308 1.18583017 1.21017362 1.23943457 1.25378233 1.27075054 1.27002338 1.27090682 1.25414171 1.24021944 1.21156698 1.18852169 1.15545134 1.13054398 1.10046385 1.07942781 1.05685835 1.04225381 1.02803964 1.01954318 1.01197225 1.00778198 1.00433296 1.00249454 1.00102019 1.00000000
1.00000000 1.02507388 1.04905084 1.07684062 1.10086948 1.13079674 1.15334035 1.18150599 1.19820472 1.21874075 1.22451868 1.23258133 1.22463870 1.21906366 1.19881325 1.18275185 1.15545134 1.13472580 1.10707310 1.08744237 1.06470939 1.04973426 1.03415044 1.02465831 1.01565316 1.01058692 1.00617220 1.00385200 1.00196024 1.00091044 1.00000000
1.00000000 1.01981496 1.04141536 1.06089472 1.08493817 1.10409506 1.12871272 1.14504261 1.16593512 1.17528791 1.18769293 1.18655906 1.18779808 1.17552639 1.16646601 1.14597471 1.13054398 1.10707310 1.09028786 1.06902708 1.05483782 1.03893716 1.02910203 1.01912075 1.01341768 1.00812178 1.00532197 1.00292209 1.00169900 1.00068467 1.00000000
1.00000000 1.01625772 1.03161471 1.04985370 1.06510884 1.08493678 1.09914160 1.11796342 1.12831625 1.14223900 1.14545238 1.15126514 1.14552620 1.14244207 1.12869377 1.11875262 1.10046385 1.08744237 1.06902708 1.05665181 1.04157346 1.03214011 1.02184237 1.01588113 1.00995554 1.00678898 1.00389924 1.00245764 1.00122984 1.00057842 1.00000000
1.00000000 1.01194672 1.02515585 1.03676211 1.05164222 1.06296315 1.07834187 1.08788771 1.10108201 1.10634107 1.11438553 1.11322377 1.11444687 1.10647785 1.10139413 1.08842848 1.07942781 1.06470939 1.05483782 1.04157346 1.03322111 1.02334329 1.01756811 1.01139578 1.00806257 1.00480548 1.00317969 1.00171466 1.00100901 1.00039901 1.00000000
1.00000000 1.00923345 1.01782725 1.02833907 1.03678714 1.04834415 1.05614098 1.06722103 1.07278933 1.08111628 1.08258655 1.08628502 1.08262561 1.08122674 1.07299147 1.06765476 1.05685835 1.04973426 1.03893716 1.03214011 1.02334329 1.01816893 1.01219071 1.00893482 1.00551442 1.00379623 1.00214020 1.00136442 1.00066869 1.00031920 1.00000000
1.00000000 1.00628493 1.01335051 1.01937310 1.02744442 1.03326476 1.04169615 1.04654178 1.05386157 1.05640147 1.06098684 1.06008304 1.06101764 1.05646883 1.05401996 1.04681221 1.04225381 1.03415044 1.02910203 1.02184237 1.01756811 1.01219071 1.00924560 1.00590541 1.00421630 1.00246652 1.00164979 1.00087046 1.00051921 1.00020071 1.00000000
1.00000000 1.00456877 1.00874979 1.01403921 1.01810184 1.02399167 1.02770463 1.03341270 1.03600117 1.04036105 1.04089523 1.04294723 1.04091289 1.04041262 1.03609396 1.03361806 1.02803964 1.02465831 1.01912075 1.01588113 1.01139578 1.00893482 1.00590541 1.00436577 1.00264530 1.00183977 1.00101461 1.00065489 1.00031313 1.00015196 1.00000000
1.00000000 1.00286898 1.00615517 1.00886293 1.01267596 1.01526711 1.01929693 1.02142389 1.02496527 1.02601317 1.02829024 1.02772920 1.02830344 1.02604144 1.02503412 1.02153965 1.01954318 1.01565316 1.01341768 1.00995554 1.00806257 1.00551442 1.00421630 1.00264530 1.00190687 1.00109152 1.00073847 1.00037984 1.00022987 1.00008656 1.00000000
1.00000000 1.00195635 1.00371371 1.00602100 1.00770768 1.01031267 1.01183859 1.01439174 1.01542658 1.01740769 1.01754927 1.01853111 1.01755603 1.01742819 1.01546281 1.01447484 1.01197225 1.01058692 1.00812178 1.00678898 1.00480548 1.00379623 1.00246652 1.00183977 1.00109152 1.00076717 1.00041252 1.00026970 1.00012535 1.00006192 1.00000000
1.00000000 1.00112555 1.00244104 1.00348637 1.00503852 1.00602897 1.00768942 1.00849044 1.00996715 1.01033335 1.01130573 1.01102362 1.01131051 1.01034336 1.00999252 1.00853244 1.00778198 1.00617220 1.00532197 1.00389924 1.00317969 1.00214020 1.00164979 1.00101461 1.00073847 1.00041252 1.00028231 1.00014110 1.00008667 1.00003168 1.00000000
1.00000000 1.00070950 1.00133475 1.00218769 1.00278051 1.00375713 1.00428824 1.00525593 1.00560565 1.00636731 1.00638758 1.00678168 1.00638973 1.00637411 1.00561746 1.00528412 1.00433296 1.00385200 1.00292209 1.00245764 1.00171466 1.00136442 1.00087046 1.00065489 1.00037984 1.00026970 1.00014110 1.00009341 1.00004210 1.00002117 1.00000000
1.00000000 1.00035555 1.00077910 1.00110439 1.00161201 1.00191757 1.00246664 1.00271039 1.00320373 1.00330663 1.00363775 1.00353034 1.00363913 1.00330947 1.00321122 1.00272261 1.00249454 1.00196024 1.00169900 1.00122984 1.00100901 1.00066869 1.00051921 1.00031313 1.00022987 1.00012535 1.00008667 1.00004210 1.00002621 1.00000930 1.00000000
1.00000000 1.00016723 1.00031244 1.00051645 1.00065289 1.00088896 1.00101033 1.00124611 1.00132418 1.00151158 1.00151094 1.00161063 1.00151139 1.00151306 1.00132672 1.00125239 1.00102019 1.00091044 1.00068467 1.00057842 1.00039901 1.00031920 1.00020071 1.00015196 1.00008656 1.00006192 1.00003168 1.00002117 1.00000930 1.00000475 1.00000000
1.00000000 1.00000000 1.00000000 1.00000000 1.00000000 1.00000000 1.00000000 1.00000000 1.00000000 1.00000000 1.00000000 1.00000000 1.00000000 1.00000000 1.00000000 1.00000000 1.00000000 1.00000000 1.00000000 1.00000000 1.00000000 1.00000000 1.00000000 1.00000000 1.00000000 1.00000000 1.00000000 1.00000000 1.00000000 1.00000000 1.00000000
