1.00000000 1.00000000 1.00000000 1.00000000 1.00000000 1.00000000 1.00000000 1.00000000 1.00000000 1.00000000 1.00000000 1.00000000 1.00000000 1.00000000 1.00000000 1.00000000 1.00000000 1.00000000 1.00000000 1.00000000 1.00000000 1.00000000 1.00000000 1.00000000 1.00000000 1.00000000 1.00000000 1.00000000 1.00000000 1.00000000 1.00000000 1.00000000 1.00000000 1.00000000 1.00000000 1.00000000 1.00000000 1.00000000 1.00000000 1.00000000 1.00000000
1.00000000 1.00000000 1.00000000 1.00000000 1.00000000 1.00000000 1.00000000 1.00000000 1.00000000 1.00000000 1.00000000 1.00000000 1.00000000 1.00000000 1.00000000 1.00000000 1.00000000 1.00000000 1.00000000 1.00000000 1.00000000 1.00000000 1.00000000 1.00000000 1.00000000 1.00000000 1.00000000 1.00000000 1.00000000 1.00000000 1.00000000 1.00000000 1.00000000 1.00000000 1.00000000 1.00000000 1.00000000 1.00000000 1.00000000 1.00000000 1.00000000
1.00000000 1.00000000 1.00000000 1.00000000 1.00000000 1.00000000 1.00000000 1.00000000 1.00000000 1.00000000 1.00000000 1.00000000 1.00000000 1.00000000 1.00000000 1.00000000 1.00000000 1.00000000 1.00000000 1.00000000 1.00000000 1.00000000 1.00000000 1.00000000 1.00000000 1.00000000 1.00000000 1.00000000 1.00000000 1.00000000 1.00000000 1.00000000 1.00000000 1.00000000 1.00000000 1.00000000 1.00000000 1.00000000 1.00000000 1.00000000 1.00000000
1.00000000 1.00000000 1.00000000 1.00000000 1.00000000 1.00000000 1.00000000 1.00000000 1.00000000 1.00000000 1.00000000 1.00000000 1.00000000 1.00000000 1.00000000 1.00000000 1.00000000 1.00000000 1.00000000 1.00000000 1.00000000 1.00000000 1.00000000 1.00000000 1.00000000 1.00000000 1.00000000 1.00000000 1.00000000 1.00000000 1.00000000 1.00000000 1.00000000 1.00000000 1.00000000 1.00000000 1.00000000 1.00000000 1.00000000 1.00000000 1.00000000
1.00000000 1.00000000 1.00000000 1.00000000 1.00000000 1.00000000 1.00000000 1.00000000 1.00000000 1.00000000 1.00000000 1.00000000 1.00000000 1.00000000 1.00000000 1.00000000 1.00000000 1.00000000 1.00000000 1.00000000 1.00000000 1.00000000 1.00000000 1.00000000 1.00000000 1.00000000 1.00000000 1.00000000 1.00000000 1.00000000 1.00000000 1.00000000 1.00000000 1.00000000 1.00000000 1.00000000 1.00000000 1.00000000 1.00000000 1.00000000 1.00000000
1.00000000 1.00000000 1.00000000 1.00000000 1.00000000 1.00000000 1.00000000 1.00000000 1.00000000 1.00000000 1.00000003 1.00000004 1.00000005 1.00000005 1.00000005 1.00000005 1.00000005 1.00000005 1.00000005 1.00000005 1.00000005 1.00000002 1.00000001 1.00000000 1.00000000 1.00000000 1.00000000 1.00000000 1.00000000 1.00000000 1.00000000 1.00000000 1.00000000 1.00000000 1.00000000 1.00000000 1.00000000 1.00000000 1.00000000 1.00000000 1.00000000
1.00000000 1.00000000 1.00000000 1.00000000 1.00000000 1.00000000 1.00000000 1.00000000 1.00000001 1.00000013 1.00000131 1.00000210 1.00000238 1.00000244 1.00000245 1.00000245 1.00000245 1.00000245 1.00000245 1.00000245 1.00000232 1.00000109 1.00000031 1.00000006 1.00000001 1.00000000 1.00000000 1.00000000 1.00000000 1.00000000 1.00000000 1.00000000 1.00000000 1.00000000 1.00000000 1.00000000 1.00000000 1.00000000 1.00000000 1.00000000 1.00000000
1.00000000 1.00000000 1.00000000 1.00000000 1.00000000 1.00000000 1.00000000 1.00000001 1.00000025 1.00000484 1.00004819 1.00007793 1.00008854 1.00009110 1.00009157 1.00009164 1.00009165 1.00009165 1.00009164 1.00009141 1.00008683 1.00004121 1.00001181 1.00000236 1.00000036 1.00000004 1.00000000 1.00000000 1.00000000 1.00000000 1.00000000 1.00000000 1.00000000 1.00000000 1.00000000 1.00000000 1.00000000 1.00000000 1.00000000 1.00000000 1.00000000
1.00000000 1.00000000 1.00000000 1.00000000 1.00000000 1.00000000 1.00000001 1.00000025 1.00000716 1.00013439 1.00130871 1.00213305 1.00243833 1.00251560 1.00253049 1.00253281 1.00253311 1.00253314 1.00253293 1.00252660 1.00240316 1.00116377 1.00033891 1.00006850 1.00001049 1.00000128 1.00000013 1.00000001 1.00000000 1.00000000 1.00000000 1.00000000 1.00000000 1.00000000 1.00000000 1.00000000 1.00000000 1.00000000 1.00000000 1.00000000 1.00000000
1.00000000 1.00000000 1.00000000 1.00000000 1.00000000 1.00000000 1.00000013 1.00000484 1.00013439 1.00246548 1.02310780 1.03799634 1.04384144 1.04543418 1.04576667 1.04582286 1.04583083 1.04583171 1.04582813 1.04572093 1.04361335 1.02191321 1.00653061 1.00133777 1.00020678 1.00002554 1.00000262 1.00000023 1.00000002 1.00000000 1.00000000 1.00000000 1.00000000 1.00000000 1.00000000 1.00000000 1.00000000 1.00000000 1.00000000 1.00000000 1.00000000
1.00000000 1.00000000 1.00000000 1.00000000 1.00000000 1.00000003 1.00000131 1.00004819 1.00130871 1.02310780 1.19836557 1.32864165 1.38586051 1.40382230 1.40815233 1.40899172 1.40912706 1.40914500 1.40912063 1.40833883 1.39249754 1.21481691 1.06670901 1.01384295 1.00215305 1.00026744 1.00002758 1.00000242 1.00000019 1.00000001 1.00000000 1.00000000 1.00000000 1.00000000 1.00000000 1.00000000 1.00000000 1.00000000 1.00000000 1.00000000 1.00000000
1.00000000 1.00000000 1.00000000 1.00000000 1.00000000 1.00000004 1.00000210 1.00007793 1.00213305 1.03799634 1.32864165 1.56222994 1.67635706 1.71654183 1.72740104 1.72975367 1.73017648 1.73024000 1.73020254 1.72884788 1.70127315 1.38656639 1.11750675 1.02370483 1.00360520 1.00044051 1.00004486 1.00000390 1.00000030 1.00000002 1.00000000 1.00000000 1.00000000 1.00000000 1.00000000 1.00000000 1.00000000 1.00000000 1.00000000 1.00000000 1.00000000
1.00000000 1.00000000 1.00000000 1.00000000 1.00000000 1.00000005 1.00000238 1.00008854 1.00243833 1.04384144 1.38586051 1.67635706 1.82767469 1.88442872 1.90069107 1.90440892 1.90511131 1.90522251 1.90517994 1.90347058 1.86875780 1.47402225 1.14078324 1.02781600 1.00416998 1.00050451 1.00005101 1.00000442 1.00000033 1.00000002 1.00000000 1.00000000 1.00000000 1.00000000 1.00000000 1.00000000 1.00000000 1.00000000 1.00000000 1.00000000 1.00000000
1.00000000 1.00000000 1.00000000 1.00000000 1.00000000 1.00000005 1.00000244 1.00009110 1.00251560 1.04543418 1.40382230 1.71654183 1.88442872 1.94921804 1.96825492 1.97270359 1.97356066 1.97369901 1.97365474 1.97177754 1.93377575 1.50485568 1.14805053 1.02897816 1.00431844 1.00052046 1.00005248 1.00000453 1.00000034 1.00000002 1.00000000 1.00000000 1.00000000 1.00000000 1.00000000 1.00000000 1.00000000 1.00000000 1.00000000 1.00000000 1.00000000
1.00000000 1.00000000 1.00000000 1.00000000 1.00000000 1.00000005 1.00000245 1.00009157 1.00253049 1.04576667 1.40815233 1.72740104 1.90069107 1.96825492 1.98828083 1.99299496 1.99390891 1.99405734 1.99401250 1.99207496 1.95292170 1.51302253 1.14975886 1.02922626 1.00434792 1.00052346 1.00005275 1.00000455 1.00000034 1.00000002 1.00000000 1.00000000 1.00000000 1.00000000 1.00000000 1.00000000 1.00000000 1.00000000 1.00000000 1.00000000 1.00000000
1.00000000 1.00000000 1.00000000 1.00000000 1.00000000 1.00000005 1.00000245 1.00009164 1.00253281 1.04582286 1.40899172 1.72975367 1.90440892 1.97270359 1.99299496 1.99778090 1.99871028 1.99886144 1.99881643 1.99686201 1.95739436 1.51474159 1.15008035 1.02926885 1.00435263 1.00052391 1.00005279 1.00000456 1.00000034 1.00000002 1.00000000 1.00000000 1.00000000 1.00000000 1.00000000 1.00000000 1.00000000 1.00000000 1.00000000 1.00000000 1.00000000
1.00000000 1.00000000 1.00000000 1.00000000 1.00000000 1.00000005 1.00000245 1.00009165 1.00253311 1.04583083 1.40912706 1.73017648 1.90511131 1.97356066 1.99390891 1.99871028 1.99964298 1.99979472 1.99974966 1.99779145 1.95825447 1.51504113 1.15013082 1.02927497 1.00435326 1.00052397 1.00005279 1.00000456 1.00000034 1.00000002 1.00000000 1.00000000 1.00000000 1.00000000 1.00000000 1.00000000 1.00000000 1.00000000 1.00000000 1.00000000 1.00000000
1.00000000 1.00000000 1.00000000 1.00000000 1.00000000 1.00000005 1.00000245 1.00009165 1.00253314 1.04583171 1.40914500 1.73024000 1.90522251 1.97369901 1.99405734 1.99886144 1.99979472 1.99994657 1.99990150 1.99794258 1.95839288 1.51508448 1.15013725 1.02927565 1.00435332 1.00052397 1.00005279 1.00000456 1.00000034 1.00000002 1.00000000 1.00000000 1.00000000 1.00000000 1.00000000 1.00000000 1.00000000 1.00000000 1.00000000 1.00000000 1.00000000
1.00000000 1.00000000 1.00000000 1.00000000 1.00000000 1.00000005 1.00000245 1.00009164 1.00253293 1.04582813 1.40912063 1.73020254 1.90517994 1.97365474 1.99401250 1.99881643 1.99974966 1.99990150 1.99985642 1.99789744 1.95834701 1.51504636 1.15012392 1.02927294 1.00435292 1.00052392 1.00005279 1.00000456 1.00000034 1.00000002 1.00000000 1.00000000 1.00000000 1.00000000 1.00000000 1.00000000 1.00000000 1.00000000 1.00000000 1.00000000 1.00000000
1.00000000 1.00000000 1.00000000 1.00000000 1.00000000 1.00000005 1.00000245 1.00009141 1.00252660 1.04572093 1.40833883 1.72884788 1.90347058 1.97177754 1.99207496 1.99686201 1.99779145 1.99794258 1.99789744 1.99594003 1.95642921 1.51377693 1.14971598 1.02919218 1.00434100 1.00052251 1.00005265 1.00000455 1.00000034 1.00000002 1.00000000 1.00000000 1.00000000 1.00000000 1.00000000 1.00000000 1.00000000 1.00000000 1.00000000 1.00000000 1.00000000
1.00000000 1.00000000 1.00000000 1.00000000 1.00000000 1.00000005 1.00000232 1.00008683 1.00240316 1.04361335 1.39249754 1.70127315 1.86875780 1.93377575 1.95292170 1.95739436 1.95825447 1.95839288 1.95834701 1.95642921 1.91784332 1.48902191 1.14187467 1.02764054 1.00411079 1.00049493 1.00004988 1.00000431 1.00000032 1.00000002 1.00000000 1.00000000 1.00000000 1.00000000 1.00000000 1.00000000 1.00000000 1.00000000 1.00000000 1.00000000 1.00000000
1.00000000 1.00000000 1.00000000 1.00000000 1.00000000 1.00000002 1.00000109 1.00004121 1.00116377 1.02191321 1.21481691 1.38656639 1.47402225 1.50485568 1.51302253 1.51474159 1.51504113 1.51508448 1.51504636 1.51377693 1.48902191 1.23755508 1.06579598 1.01265681 1.00187311 1.00022456 1.00002253 1.00000194 1.00000014 1.00000001 1.00000000 1.00000000 1.00000000 1.00000000 1.00000000 1.00000000 1.00000000 1.00000000 1.00000000 1.00000000 1.00000000
1.00000000 1.00000000 1.00000000 1.00000000 1.00000000 1.00000001 1.00000031 1.00001181 1.00033891 1.00653061 1.06670901 1.11750675 1.14078324 1.14805053 1.14975886 1.15008035 1.15013082 1.15013725 1.15012392 1.14971598 1.14187467 1.06579598 1.01805348 1.00347769 1.00051437 1.00006146 1.00000613 1.00000052 1.00000004 1.00000000 1.00000000 1.00000000 1.00000000 1.00000000 1.00000000 1.00000000 1.00000000 1.00000000 1.00000000 1.00000000 1.00000000
1.00000000 1.00000000 1.00000000 1.00000000 1.00000000 1.00000000 1.00000006 1.00000236 1.00006850 1.00133777 1.01384295 1.02370483 1.02781600 1.02897816 1.02922626 1.02926885 1.02927497 1.02927565 1.02927294 1.02919218 1.02764054 1.01265681 1.00347769 1.00067094 1.00009905 1.00001178 1.00000117 1.00000010 1.00000001 1.00000000 1.00000000 1.00000000 1.00000000 1.00000000 1.00000000 1.00000000 1.00000000 1.00000000 1.00000000 1.00000000 1.00000000
1.00000000 1.00000000 1.00000000 1.00000000 1.00000000 1.00000000 1.00000001 1.00000036 1.00001049 1.00020678 1.00215305 1.00360520 1.00416998 1.00431844 1.00434792 1.00435263 1.00435326 1.00435332 1.00435292 1.00434100 1.00411079 1.00187311 1.00051437 1.00009905 1.00001457 1.00000172 1.00000017 1.00000001 1.00000000 1.00000000 1.00000000 1.00000000 1.00000000 1.00000000 1.00000000 1.00000000 1.00000000 1.00000000 1.00000000 1.00000000 1.00000000
1.00000000 1.00000000 1.00000000 1.00000000 1.00000000 1.00000000 1.00000000 1.00000004 1.00000128 1.00002554 1.00026744 1.00044051 1.00050451 1.00052046 1.00052346 1.00052391 1.00052397 1.00052397 1.00052392 1.00052251 1.00049493 1.00022456 1.00006146 1.00001178 1.00000172 1.00000020 1.00000002 1.00000000 1.00000000 1.00000000 1.00000000 1.00000000 1.00000000 1.00000000 1.00000000 1.00000000 1.00000000 1.00000000 1.00000000 1.00000000 1.00000000
1.00000000 1.00000000 1.00000000 1.00000000 1.00000000 1.00000000 1.00000000 1.00000000 1.00000013 1.00000262 1.00002758 1.00004486 1.00005101 1.00005248 1.00005275 1.00005279 1.00005279 1.00005279 1.00005279 1.00005265 1.00004988 1.00002253 1.00000613 1.00000117 1.00000017 1.00000002 1.00000000 1.00000000 1.00000000 1.00000000 1.00000000 1.00000000 1.00000000 1.00000000 1.00000000 1.00000000 1.00000000 1.00000000 1.00000000 1.00000000 1.00000000
1.00000000 1.00000000 1.00000000 1.00000000 1.00000000 1.00000000 1.00000000 1.00000000 1.00000001 1.00000023 1.00000242 1.00000390 1.00000442 1.00000453 1.00000455 1.00000456 1.00000456 1.00000456 1.00000456 1.00000455 1.00000431 1.00000194 1.00000052 1.00000010 1.00000001 1.00000000 1.00000000 1.00000000 1.00000000 1.00000000 1.00000000 1.00000000 1.00000000 1.00000000 1.00000000 1.00000000 1.00000000 1.00000000 1.00000000 1.00000000 1.00000000
1.00000000 1.00000000 1.00000000 1.00000000 1.00000000 1.00000000 1.00000000 1.00000000 1.00000000 1.00000002 1.00000019 1.00000030 1.00000033 1.00000034 1.00000034 1.00000034 1.00000034 1.00000034 1.00000034 1.00000034 1.00000032 1.00000014 1.00000004 1.00000001 1.00000000 1.00000000 1.00000000 1.00000000 1.00000000 1.00000000 1.00000000 1.00000000 1.00000000 1.00000000 1.00000000 1.00000000 1.00000000 1.00000000 1.00000000 1.00000000 1.00000000
1.00000000 1.00000000 1.00000000 1.00000000 1.00000000 1.00000000 1.00000000 1.00000000 1.00000000 1.00000000 1.00000001 1.00000002 1.00000002 1.00000002 1.00000002 1.00000002 1.00000002 1.00000002 1.00000002 1.00000002 1.00000002 1.00000001 1.00000000 1.00000000 1.00000000 1.00000000 1.00000000 1.00000000 1.00000000 1.00000000 1.00000000 1.00000000 1.00000000 1.00000000 1.00000000 1.00000000 1.00000000 1.00000000 1.00000000 1.00000000 1.00000000
1.00000000 1.00000000 1.00000000 1.00000000 1.00000000 1.00000000 1.00000000 1.00000000 1.00000000 1.00000000 1.00000000 1.00000000 1.00000000 1.00000000 1.00000000 1.00000000 1.00000000 1.00000000 1.00000000 1.00000000 1.00000000 1.00000000 1.00000000 1.00000000 1.00000000 1.00000000 1.00000000 1.00000000 1.00000000 1.00000000 1.00000000 1.00000000 1.00000000 1.00000000 1.00000000 1.00000000 1.00000000 1.00000000 1.00000000 1.00000000 1.00000000
1.00000000 1.00000000 1.00000000 1.00000000 1.00000000 1.00000000 1.00000000 1.00000000 1.00000000 1.00000000 1.00000000 1.00000000 1.00000000 1.00000000 1.00000000 1.00000000 1.00000000 1.00000000 1.00000000 1.00000000 1.00000000 1.00000000 1.00000000 1.00000000 1.00000000 1.00000000 1.00000000 1.00000000 1.00000000 1.00000000 1.00000000 1.00000000 1.00000000 1.00000000 1.00000000 1.00000000 1.00000000 1.00000000 1.00000000 1.00000000 1.00000000
1.00000000 1.00000000 1.00000000 1.00000000 1.00000000 1.00000000 1.00000000 1.00000000 1.00000000 1.00000000 1.00000000 1.00000000 1.00000000 1.00000000 1.00000000 1.00000000 1.00000000 1.00000000 1.00000000 1.00000000 1.00000000 1.00000000 1.00000000 1.00000000 1.00000000 1.00000000 1.00000000 1.00000000 1.00000000 1.00000000 1.00000000 1.00000000 1.00000000 1.00000000 1.00000000 1.00000000 1.00000000 1.00000000 1.00000000 1.00000000 1.00000000
1.00000000 1.00000000 1.00000000 1.00000000 1.00000000 1.00000000 1.00000000 1.00000000 1.00000000 1.00000000 1.00000000 1.00000000 1.00000000 1.00000000 1.00000000 1.00000000 1.00000000 1.00000000 1.00000000 1.00000000 1.00000000 1.00000000 1.00000000 1.00000000 1.00000000 1.00000000 1.00000000 1.00000000 1.00000000 1.00000000 1.00000000 1.00000000 1.00000000 1.00000000 1.00000000 1.00000000 1.00000000 1.00000000 1.00000000 1.00000000 1.00000000
1.00000000 1.00000000 1.00000000 1.00000000 1.00000000 1.00000000 1.00000000 1.00000000 1.00000000 1.00000000 1.00000000 1.00000000 1.00000000 1.00000000 1.00000000 1.00000000 1.00000000 1.00000000 1.00000000 1.00000000 1.00000000 1.00000000 1.00000000 1.00000000 1.00000000 1.00000000 1.00000000 1.00000000 1.00000000 1.00000000 1.00000000 1.00000000 1.00000000 1.00000000 1.00000000 1.00000000 1.00000000 1.00000000 1.00000000 1.00000000 1.00000000
1.00000000 1.00000000 1.00000000 1.00000000 1.00000000 1.00000000 1.00000000 1.00000000 1.00000000 1.00000000 1.00000000 1.00000000 1.00000000 1.00000000 1.00000000 1.00000000 1.00000000 1.00000000 1.00000000 1.00000000 1.00000000 1.00000000 1.00000000 1.00000000 1.00000000 1.00000000 1.00000000 1.00000000 1.00000000 1.00000000 1.00000000 1.00000000 1.00000000 1.00000000 1.00000000 1.00000000 1.00000000 1.00000000 1.00000000 1.00000000 1.00000000
1.00000000 1.00000000 1.00000000 1.00000000 1.00000000 1.00000000 1.00000000 1.00000000 1.00000000 1.00000000 1.00000000 1.00000000 1.00000000 1.00000000 1.00000000 1.00000000 1.00000000 1.00000000 1.00000000 1.00000000 1.00000000 1.00000000 1.00000000 1.00000000 1.00000000 1.00000000 1.00000000 1.00000000 1.00000000 1.00000000 1.00000000 1.00000000 1.00000000 1.00000000 1.00000000 1.00000000 1.00000000 1.00000000 1.00000000 1.00000000 1.00000000
1.00000000 1.00000000 1.00000000 1.00000000 1.00000000 1.00000000 1.00000000 1.00000000 1.00000000 1.00000000 1.00000000 1.00000000 1.00000000 1.00000000 1.00000000 1.00000000 1.00000000 1.00000000 1.00000000 1.00000000 1.00000000 1.00000000 1.00000000 1.00000000 1.00000000 1.00000000 1.00000000 1.00000000 1.00000000 1.00000000 1.00000000 1.00000000 1.00000000 1.00000000 1.00000000 1.00000000 1.00000000 1.00000000 1.00000000 1.00000000 1.00000000
1.00000000 1.00000000 1.00000000 1.00000000 1.00000000 1.00000000 1.00000000 1.00000000 1.00000000 1.00000000 1.00000000 1.00000000 1.00000000 1.00000000 1.00000000 1.00000000 1.00000000 1.00000000 1.00000000 1.00000000 1.00000000 1.00000000 1.00000000 1.00000000 1.00000000 1.00000000 1.00000000 1.00000000 1.00000000 1.00000000 1.00000000 1.00000000 1.00000000 1.00000000 1.00000000 1.00000000 1.00000000 1.00000000 1.00000000 1.00000000 1.00000000
1.00000000 1.00000000 1.00000000 1.00000000 1.00000000 1.00000000 1.00000000 1.00000000 1.00000000 1.00000000 1.00000000 1.00000000 1.00000000 1.00000000 1.00000000 1.00000000 1.00000000 1.00000000 1.00000000 1.00000000 1.00000000 1.00000000 1.00000000 1.00000000 1.00000000 1.00000000 1.00000000 1.00000000 1.00000000 1.00000000 1.00000000 1.00000000 1.00000000 1.00000000 1.00000000 1.00000000 1.00000000 1.00000000 1.00000000 1.00000000 1.00000000
1.00000000 1.00000000 1.00000000 1.00000000 1.00000000 1.00000000 1.00000000 1.00000000 1.00000000 1.00000000 1.00000000 1.00000000 1.00000000 1.00000000 1.00000000 1.00000000 1.00000000 1.00000000 1.00000000 1.00000000 1.00000000 1.00000000 1.00000000 1.00000000 1.00000000 1.00000000 1.00000000 1.00000000 1.00000000 1.00000000 1.00000000 1.00000000 1.00000000 1.00000000 1.00000000 1.00000000 1.00000000 1.00000000 1.00000000 1.00000000 1.00000000
